"species","x","y","layer.1","layer.2","layer.3","layer.4","layer.5"
"background",1,1,18.8913459011433,-10.5500316759087,4.7062818913702,16.8512519796762,-3.51077764635867
"background",2,2,19.0926878486581,-13.0872267018684,6.70717655583456,16.6768302717974,-2.82123773195497
"background",3,3,16.7222801812165,-10.9170975032947,7.81224499965817,15.3999252105748,-2.7129652717319
"background",4,4,20.0794432070668,-11.8333461039364,8.12929457370236,17.8609269182576,-3.90267552489967
"background",5,5,19.9759541749896,-13.3794902584041,7.04947293838843,16.8415416706895,-2.89986105739241
"background",6,6,20.2873116640629,-14.1448929922525,6.37373747958795,17.9737942557602,-3.01740321490148
"background",7,7,18.6273876675183,-10.9753688263665,8.26833045719109,16.6080023324643,-2.39321591182298
"background",8,8,16.184212054161,-9.05891085754613,9.55311857359491,14.0307839738412,-1.1866212034678
"background",9,9,14.5434056535967,-7.37091062929181,8.276606751735,16.5358767022255,-3.71460389612366
"background",10,10,15.5550699567475,-9.59853995059431,9.79454273690003,14.371749102185,-2.11651346298112
"background",11,11,17.0631047497617,-10.6040875784422,8.71388423831889,15.3073792862138,-2.11724459245937
"background",12,12,18.7530101568199,-11.8508027563431,8.345747988213,16.3200798442039,-3.17701606439331
"background",13,13,17.8262750130888,-11.7867873490711,8.92577976047869,16.1154914630714,-2.62220115163216
"background",14,14,16.7727678927042,-11.7348293476895,5.92473170720564,15.1596836862642,-1.93864526758814
"background",15,15,17.6509766408155,-11.1055054628923,9.32154336450061,15.3622419993343,-2.15027126255923
"background",16,16,17.7582819980209,-12.2397216304059,5.29849489060258,17.1343882326354,-2.89321683259276
"background",17,17,19.3508101330569,-13.1063209675996,7.52192070426854,17.3740537978124,-1.97827354916313
"background",18,18,18.3200751591953,-11.4683440648636,8.27274154550974,15.129822879593,-2.6188072604168
"background",19,19,16.0579715616324,-8.42264285615751,7.72965756743031,17.4637620909739,-3.7767273905291
"background",20,20,15.4505049372787,-9.98665146441706,9.88691117099913,15.2190293923842,-2.45047656848047
"background",21,21,20.5093935357904,-11.4752597038172,8.15512589698598,14.8070686586232,-3.6905569542696
"background",22,22,18.1807508787688,-10.727205415554,7.75843107932713,17.4590052384922,-2.9261306097561
"background",23,23,19.3264767853248,-13.5622879818384,6.04948048778275,17.6090471007641,-2.73278338739247
"background",24,24,19.1224350573172,-9.14127064091736,4.33280964799066,16.6463704808223,-2.96251383760757
"background",25,25,17.1160946766471,-10.8620065188825,8.286782757013,17.2088488810674,-2.87907939386137
"background",26,26,20.404248249012,-14.2352903036918,6.67153025775659,18.2329783272912,-3.02566718590809
"background",27,27,15.1886330628856,-5.93612145105068,8.28033783546793,17.7189414422131,-4.72927135170668
"background",28,28,17.9719865491635,-10.8278661656907,9.30735389684788,16.3508385269698,-2.20795638078058
"background",29,29,16.3389250931227,-9.94903626404125,9.13117820153531,15.8076586353532,-2.51567228060101
"background",30,30,17.818624456949,-10.566208382281,6.95656080565328,16.6474246436201,-3.40771376470898
"background",31,31,18.8025870394805,-10.7778478888128,7.34870256354396,19.7093889083053,-4.49294265130214
"background",32,32,19.879333682402,-11.2384347183258,7.5671202797152,18.4882609385999,-3.11729711504851
"background",33,33,16.209677444127,-11.1290794060722,6.70044463270194,14.5008916114636,-2.17829654001027
"background",34,34,17.1750946574114,-11.6038668124091,6.68238774317559,14.8976141024816,-2.20724805443419
"background",35,35,18.5724448997593,-12.5087134246712,8.35797282982843,16.2487656226306,-3.1493772735359
"background",36,36,18.2058532043071,-11.578464121323,4.58069498819566,15.6100022828393,-2.27702574188407
"background",37,37,19.1740203368498,-13.0242187127517,5.11420034101373,16.9613731398494,-3.09356121513771
"background",38,38,15.1221379924582,-5.9513858396804,7.52041118755321,16.6946169122521,-4.72796435009692
"background",39,39,16.3407645337786,-10.0192577596249,8.1839792906355,16.9973900340194,-3.19368200037558
"background",40,40,19.9331427396498,-11.229562723754,8.17826727839146,18.5565239887981,-3.06784747197993
"background",41,41,21.7253334375919,-14.0731511951533,6.32461486792205,17.8251282822455,-3.24316180048251
"background",42,42,12.3403200498531,-5.02465332914939,7.8731311866237,14.917880018416,-4.52777220519185
"background",43,43,16.4706605402021,-11.0644619927472,6.64368336097847,14.3133298002163,-1.90823682606372
"background",44,44,17.2207081629864,-10.7644302615324,8.39642015578497,14.4321519133227,-2.39949718801646
"background",45,45,19.1492704768043,-13.8033926773442,8.17264524391206,17.9409654916916,-3.82694402099079
"background",46,46,18.8060513685788,-11.073992550922,3.89105909556511,16.7742893439433,-3.29432482004515
"background",47,47,19.3070469259267,-7.52506581621462,4.50502871494859,16.6409804395015,-2.75844737084535
"background",48,48,17.6393600838682,-10.8514164865007,8.09885812064423,16.3175957788401,-2.95107824882832
"background",49,49,13.7883221731977,-5.27843205590667,7.23142046512299,15.4694159558122,-4.98575898001004
"background",50,50,18.7247479873209,-11.0992381706448,4.32825679047072,17.2529595121088,-3.43083505249802
"background",51,51,19.7022250107932,-11.1335110313985,8.00598078248249,17.1672747563764,-3.44345241669801
"background",52,52,17.5650076230641,-9.96139615095316,9.18854421722268,15.0658876679722,-1.65247986090743
"background",53,53,16.0256439704458,-9.44046228827859,7.55662074788999,15.4224640177933,-3.07128827492177
"background",54,54,15.7580914310417,-10.2584155083129,8.50374017526172,14.9780761017562,-2.76186861785541
"background",55,55,16.7965963659847,-11.0563568735008,6.55786751451343,14.2150868332948,-1.81241337224835
"background",56,56,15.1330517347152,-10.4460459077269,6.83853064425999,14.2071132905316,-1.85143508159784
"background",57,57,20.9636517356051,-11.8984456435753,8.28858240563698,15.0169398863061,-3.37143962123539
"background",58,58,17.3055904678173,-11.5489842176861,4.95627438744384,16.1195722701547,-2.46893439225754
"background",59,59,14.0130194053948,-6.53707880065044,8.01067569929704,17.8057475174315,-6.02857704942685
"background",60,60,17.7360391390427,-12.3277670413441,5.54113914762917,15.3977188737179,-2.19509386463437
"background",61,61,17.6506728396791,-11.256380810084,9.0942536273426,16.3421358892214,-2.37168679392189
"background",62,62,18.2859176072368,-10.0831843990026,7.61488380753656,17.3861448068208,-3.0032025538929
"background",63,63,18.4965669394199,-10.2287027156014,7.70471825740965,17.5582733224508,-2.95427650422616
"background",64,64,17.9856752052662,-10.1546686776915,7.99535582433999,17.6170556662959,-3.51951401736711
"background",65,65,15.821800150261,-10.0035272203829,8.78889215096713,14.8204019177505,-2.60397208591467
"background",66,66,18.2640481817258,-10.5809923108794,8.75344852983857,15.2202310656277,-1.75898095591086
"background",67,67,19.402310829375,-13.2205337681986,5.3487772553579,16.6830069793532,-2.95838603874432
"background",68,68,13.8075534439605,-6.28483680376366,6.39601268422816,15.7884609325626,-5.89926659884414
"background",69,69,19.7372395504691,-12.4139306793777,7.68187569969752,15.5302703342977,-3.41439282790453
"background",70,70,16.6538881112076,-9.97335304552338,7.52575323702174,17.7636416442115,-3.64017308735791
"background",71,71,18.0563593574694,-11.8340103260105,8.95847641296785,16.1762328126418,-2.52450645168831
"background",72,72,14.8648733937052,-7.26717415442876,8.76563149128141,16.8726890893491,-3.79041625043538
"background",73,73,15.7437396936751,-9.69649878256597,9.14498835576241,13.6637086065347,-2.40881084725156
"background",74,74,15.1809832075494,-7.12792183265456,8.10127018960138,18.259443986792,-6.56744212856948
"background",75,75,15.9610798092833,-8.77124350500291,7.82291420434266,17.3320590489907,-3.57487930027863
"background",76,76,18.9855965859059,-10.9364905513009,6.70505382887327,16.949254799655,-2.9386159858397
"background",77,77,16.8799841246581,-10.2457581604845,8.88834183956399,15.8848927356294,-2.30888728768511
"background",78,78,17.4524054410767,-10.5326684381223,9.36664172530545,15.7078236623023,-2.06365001619676
"background",79,79,19.4923861555842,-9.62666622680857,5.75331039827737,17.1876500469187,-3.22183032296139
"background",80,80,20.1440791712712,-13.5952510589532,6.29760939911253,16.9726236894639,-3.25237010354381
"background",81,81,19.3903369381244,-11.7312175730157,8.51382010492347,16.2815999620867,-3.06813631972669
"background",82,82,17.4934609827926,-9.92441411000373,9.21977925346902,15.1130432453745,-1.7346875401063
"background",83,83,16.0533186925036,-10.079328136445,8.51449214016707,15.58305272332,-2.4704464685052
"background",84,84,17.9701444804423,-11.178463818252,9.34520408699752,15.4707946560405,-2.09750614246163
"background",85,85,18.886370869378,-10.8501124302752,8.47622219114307,17.4045466510492,-2.76582932316312
"background",86,86,17.5683478717231,-12.1117671556611,6.32596477767644,16.0415424339579,-2.32993393379862
"background",87,87,15.7983554617002,-8.10986052858022,8.502098366986,18.3757010453356,-5.06715830285466
"background",88,88,18.5054327911773,-12.0406240937013,8.65652593878688,15.7823376862918,-2.89255419449719
"background",89,89,14.0628099801892,-8.19892284190519,8.45377182079016,13.8391292976957,-2.01474478241889
"background",90,90,19.0237763049759,-11.3533120648085,7.19317414193218,19.5751168985982,-4.20361762742099
"background",91,91,15.823285814122,-10.0313167202694,8.65953125855836,15.511778772146,-2.4337343251515
"background",92,92,19.0490336811378,-11.3559442438779,6.51053385195041,16.8981854707143,-2.44048680399262
"background",93,93,17.0038430781587,-9.34991081528766,7.96679016035336,17.9468803617516,-4.06588710970494
"background",94,94,16.6450214440102,-9.93321293471342,8.19671804488382,17.4690588606925,-3.33742483482309
"background",95,95,18.9175743605528,-12.8409594951895,4.92307064029774,16.8010523982815,-2.56952715843372
"background",96,96,16.8626048102365,-11.8158715571474,5.64867987901037,15.4521054980498,-1.96774013901373
"background",97,97,19.9598581100357,-11.1541681850994,8.30467292984606,18.484454448113,-3.10652564901189
"background",98,98,17.1396482612205,-12.5475526360624,9.09380553256267,16.4456378744237,-3.54095724667721
"background",99,99,13.1391339518043,-7.10316211663085,6.2505062128395,15.8979964544739,-6.23537366106067
"background",100,100,19.9848441501111,-14.0557124417457,6.7809468672814,18.0863239796613,-2.83251432893108
"background",101,101,15.6712306721251,-9.99516885927101,9.70443969464662,15.5392938002685,-2.56748171316148
"background",102,102,17.2211701963211,-10.5658860382619,9.13292829143823,14.8026135500482,-2.25843653629009
"background",103,103,16.9850255070485,-10.8106208834533,8.48088757262683,15.0282900726026,-2.60051755247489
"background",104,104,17.0270348326337,-10.0898004318016,5.41546335442466,15.144846021993,-2.54451083511661
"background",105,105,18.095659521556,-9.8211887051441,8.3332528408613,17.3500558107882,-3.53361391179426
"background",106,106,14.8342447022733,-7.75665280320947,8.50681123314942,17.1919409338985,-4.04687793409256
"background",107,107,12.3117427808936,-5.28218944951467,7.98422783252664,14.6324796290977,-3.7743101198143
"background",108,108,17.4904912012001,-11.0376118539502,8.57601032882234,16.8486383558226,-2.40498553925524
"background",109,109,18.5808357844508,-10.6879854914868,8.07285673379639,17.3546410819124,-2.74751625094469
"background",110,110,15.4297911172009,-6.38776592160925,7.48159677121735,17.2647505178444,-5.01156464442004
"background",111,111,12.0666342393164,-4.93158601614813,7.17587043312668,14.0692709296687,-3.29832052981946
"background",112,112,14.5920306853761,-6.09928658104977,7.4937048779798,16.2203140124185,-4.60696464032323
"background",113,113,20.7644096582925,-12.0362628731617,8.22317511517257,15.126250386758,-3.45526567548797
"background",114,114,18.8791572381325,-10.9426445725031,7.29907313061821,19.5380636006134,-4.27145302675953
"background",115,115,18.3861666673716,-9.99144245708384,5.16823675996663,17.3075501345743,-3.09638749618099
"background",116,116,12.7437871845418,-5.74564382517749,7.42146414167557,14.8351977893278,-3.52595032779883
"background",117,117,18.8838818763747,-11.2525313658045,9.56617278292562,16.1069895240572,-3.21303957087697
"background",118,118,19.2351743417403,-11.2643097876414,8.00426848446998,14.8808868905995,-3.43083564021135
"background",119,119,17.202298536246,-10.9050463914704,7.75003792253374,17.4144723887506,-3.11855804508406
"background",120,120,15.9225891944572,-10.1519809648663,9.80607834705115,14.3647698710612,-2.15597211940077
"background",121,121,17.3507916471869,-11.8803234782109,6.32094263214349,15.4303500626303,-1.92350026561854
"background",122,122,15.8549166966494,-6.88956030251604,7.71770430456794,18.3536667912008,-5.92545122270164
"background",123,123,15.9619688183358,-9.97569268154572,8.45022373582087,16.8504956275789,-3.04920553299794
"background",124,124,15.0278049009453,-8.98324010971119,7.72235612075667,15.0557500908776,-2.58230022396741
"background",125,125,15.5501930746019,-9.13831499796579,8.63411747475572,14.7104359758436,-2.18546504847415
"background",126,126,15.7698652540285,-7.92326700532036,8.38126560002477,17.0840807908923,-3.76543681121361
"background",127,127,17.6763040287511,-11.17392128892,8.77887998396012,15.6232325029103,-3.01870603937613
"background",128,128,18.4113350109597,-10.621235329321,8.76688458449743,14.9861096704987,-2.58738409863339
"background",129,129,16.6143472961911,-11.1414558775518,6.90701606857212,14.5329496884212,-1.7460209110085
"background",130,130,19.4961290125152,-10.7377292627978,6.45728389464667,17.2151086730713,-3.25727029999465
"background",131,131,18.5581693518528,-11.3733620335973,8.95841154471905,16.5490679421239,-2.65796807750093
"background",132,132,21.0741647763365,-9.52315174959384,6.08188337024864,16.3955832124916,-3.92903488220958
"background",133,133,19.9445315612013,-13.3254222844087,6.60380172609024,16.9518661129049,-2.77347538729191
"background",134,134,18.6566211227804,-11.3706333602856,6.7384114346222,17.1094851849126,-3.20583628838847
"background",135,135,17.0253053241861,-10.8600761019241,8.21050795807498,17.2197167616718,-2.95867407657429
"background",136,136,15.4144294824389,-6.13457213773281,7.72709109965275,17.443111037808,-4.75997612723347
"background",137,137,15.9689629965357,-9.44407113590711,8.83890296968991,15.0906633653192,-2.62252846013361
"background",138,138,20.0184005915536,-13.904706537246,6.81432713575175,18.0459901583946,-2.90412567534362
"background",139,139,17.4763230778238,-11.7315880002712,9.09780784046331,15.833506099441,-2.67204340043411
"background",140,140,14.8619292203638,-9.71786720706832,8.99508823031732,14.5194274462344,-2.57108423540895
"background",141,141,12.2089177477647,-5.28953941638246,7.94685155483364,14.4972474720431,-3.68670014615993
"background",142,142,18.5981780866985,-9.83001305351937,6.40957539940092,17.4960505052286,-3.07636076856112
"background",143,143,19.3885398753472,-11.4316232905043,9.32207265501192,15.8549028455058,-3.09304046901633
"background",144,144,19.1722986120567,-10.6117270940972,8.29179140579911,17.8931025709059,-2.98057182923548
"background",145,145,18.3595132900645,-9.84093611041741,3.45803322951261,16.6638644071895,-2.98862968622255
"background",146,146,17.84097876296,-11.3517000915044,8.76372263079545,15.6986666916731,-2.90288965616403
"background",147,147,16.864102078361,-10.9140826315142,8.68643228824715,15.4731218825015,-2.79922543713521
"background",148,148,18.1273228003254,-11.7560182914348,9.00853975098056,16.1188853464977,-3.21151015903917
"background",149,149,11.4968498625686,-5.2395176142277,8.02813415871734,15.0580016801708,-3.76198983121815
"background",150,150,19.2743900217306,-11.0268105217983,7.23447452016806,14.5820348107821,-2.96154491397451
"background",151,151,13.5089754767485,-6.60695107425232,6.78107866651682,16.3327727417367,-5.8971535696942
"background",152,152,18.6361734142197,-10.5238689158751,7.89785362640708,17.2867121511685,-2.69949854375411
"background",153,153,18.3526089379303,-11.0338058643243,8.83477431343412,16.6826733928642,-2.36965050939997
"background",154,154,16.7072183860427,-10.862625406644,8.3730675907861,14.8737953252724,-2.54667861558611
"background",155,155,14.8554259515222,-7.25438100445962,8.96199201885419,17.8304373928257,-4.50753932959311
"background",156,156,18.2027420335874,-10.3082583604964,7.96601966131455,17.7163240378667,-3.4735882058132
"background",157,157,14.2135269143686,-9.2098680309379,10.3981062128668,14.4233426530156,-2.24328524897911
"background",158,158,16.2818386360091,-10.1122213217589,5.40608277497461,15.2473870407876,-2.30650453469689
"background",159,159,19.2829217285726,-12.4396482214844,4.38314011170645,18.0049792249811,-3.65752333411353
"background",160,160,15.1668596931961,-6.8836074068133,8.18422990624257,18.3103425903052,-5.27999782062039
"background",161,161,15.0654373202039,-9.07488256695865,9.43139785670025,14.2584988074993,-1.88793719083323
"background",162,162,20.0099175816641,-13.4841479341709,6.51416749995832,17.6900861567824,-2.0748689126833
"background",163,163,18.1523781977229,-10.6566153982692,9.02670842933803,15.7485371716807,-2.83736058296511
"background",164,164,17.371772053204,-11.0687313230271,8.53885009218358,16.6955712088836,-3.39432898299497
"background",165,165,18.2822809216996,-10.8325592529623,8.94854912826003,16.8943285413457,-2.63964017417855
"background",166,166,16.1144264352286,-10.0930766447399,8.8725824617438,14.6345036991145,-2.61592987105973
"background",167,167,13.119825767629,-7.12174899793612,6.60386204408776,16.0471184922426,-6.25671373197461
"background",168,168,18.8913955704698,-13.0963187481938,5.87307176509472,17.0258512018218,-2.79225372179249
"background",169,169,18.2906752079159,-9.27075031982967,3.41469564357044,16.0712966166458,-2.71973475920929
"background",170,170,17.7214781283405,-11.3048998142988,8.68919022797251,14.9535187756557,-2.64302514096175
"background",171,171,16.0513265982154,-10.5965882370462,8.48422281270017,15.2410504947662,-2.85708604317784
"background",172,172,18.291874519474,-11.6251592106672,4.91320147237062,17.7270085500181,-3.25592955633946
"background",173,173,16.8908432909437,-7.33964297864151,7.59556782831502,16.8778075959029,-3.51114354199208
"background",174,174,16.3693912519234,-9.90077529389582,8.07926239787133,15.4149582087724,-2.84900975589745
"background",175,175,17.4322227106871,-9.87390749228738,7.49615798284437,18.0562299193279,-3.81773135813129
"background",176,176,17.1596252206912,-10.6904770962873,5.07345523999842,15.9976610168766,-2.50011659361085
"background",177,177,14.1584113143248,-6.64279173933085,5.93222904545146,16.1702157008152,-6.10866494790194
"background",178,178,17.0944331850971,-9.28569374642022,7.96614042987205,17.8154855325998,-3.95671667971569
"background",179,179,18.5881217203866,-13.1973455388234,8.20484038967472,17.2307078235255,-3.45639578607383
"background",180,180,17.8871004799285,-12.7651122935129,5.60094168142665,16.681678592745,-2.28105453025726
"background",181,181,19.8190565375173,-11.8355169720229,8.33273256528839,16.4961218510556,-3.17264188244215
"background",182,182,18.3132742274563,-10.4568153310391,3.9159863557902,15.9437948263803,-3.49080155680654
"background",183,183,14.8426758049863,-8.69392833903367,9.86733141124582,14.0624265070684,-1.87618772324502
"background",184,184,13.1617618207562,-4.7733860706445,7.316187633215,14.9867004875391,-4.56660945338066
"background",185,185,14.3841762799283,-6.14572095518652,7.4502729138783,17.384962949805,-6.30305520191336
"background",186,186,18.9812262506322,-10.4482336298346,9.01709997862372,16.4043222597319,-2.02636740822441
"background",187,187,19.5037772446415,-9.51677810189188,5.29755494385063,17.2600386263557,-3.17179656653591
"background",188,188,15.0506854158493,-7.4073380400526,8.75002515094281,16.880837568114,-3.74362824317534
"background",189,189,17.654035531626,-11.5927021074311,8.92565891256636,15.8571913223636,-2.46913418287274
"background",190,190,13.0933897277847,-7.90237350024665,6.64370376006502,16.4384743589833,-6.43089678438163
"background",191,191,18.1529508855438,-11.1025248494858,8.14599173461955,15.5412071013361,-3.07701015337426
"background",192,192,18.1304407637391,-10.1648926594763,7.46991635804159,17.9602083678398,-3.66012675122257
"background",193,193,13.0442631029518,-6.44864342373501,7.55266388820062,15.3308812688732,-3.58745638588944
"background",194,194,16.454125970418,-8.51713765210269,8.05248666992806,18.0264115022111,-4.50842486666083
"background",195,195,17.5895136600884,-10.0367625179677,7.83925579062919,17.713410812005,-3.34618218358525
"background",196,196,16.8111563444133,-11.8039601265628,7.34959842360797,15.61394947804,-2.79524680274888
"background",197,197,17.8745775711135,-9.79498127717398,6.35159063473511,16.5416505719975,-3.266593041732
"background",198,198,20.9660536211274,-13.9641403110906,6.6837672518137,18.0430895483587,-3.15177630048261
"background",199,199,17.5294464265238,-11.3000547375485,6.69630589508921,14.4433653436267,-1.63909006218389
"background",200,200,15.6924821635813,-8.47084797552217,8.18240979642566,18.096396775689,-4.39347941217271
"background",201,201,15.4436837011621,-9.86356313421896,9.57143888640565,14.9269689048271,-2.35187805510359
"background",202,202,16.9609329309848,-10.9815490193692,9.03532057632011,16.3767281139553,-3.3002494550603
"background",203,203,18.483450442025,-12.0724307882972,8.61810053100607,16.3051073838277,-3.33905393545765
"background",204,204,13.7466940746325,-6.63435021188124,6.49375055385974,16.0296144071341,-6.21135799925673
"background",205,205,16.6314248184632,-10.4621941125634,8.70367289776828,16.7592417220017,-2.75381298040954
"background",206,206,18.3854448243974,-12.1290421985399,8.87103028438341,16.4405849896647,-2.46942104465964
"background",207,207,17.6188912884056,-10.8365686214034,9.39437145721375,15.7307078557233,-2.16156307039899
"background",208,208,18.682334542804,-11.5912908714021,6.05342106962992,17.3515871135059,-3.38796365346774
"background",209,209,18.289306571574,-11.048755198604,5.9145161049095,16.8078091320591,-3.14709293688059
"background",210,210,18.6221092689849,-12.5769035581163,8.37863130687445,16.4033058852931,-3.17694088037579
"background",211,211,17.8577061927785,-12.7874448811011,5.64130153304384,16.587507151677,-2.21349769902094
"background",212,212,17.1265029600149,-10.8250981638525,9.71545957194466,15.2455291813947,-2.35095898584965
"background",213,213,18.1665379234705,-9.87551864439526,4.65133298688996,15.5009222444595,-3.58276859704634
"background",214,214,19.8621440248442,-11.7190998435271,7.77165856890429,15.4736517619328,-3.65205476312845
"background",215,215,18.1295087694745,-12.4655398123152,5.71692518895946,16.2464731728133,-2.56389785505878
"background",216,216,17.2273041212268,-9.62822051787618,7.2173805937873,15.6430752357671,-2.89157776660044
"background",217,217,19.3050225725893,-10.1097377716988,5.27942459865717,17.2164203749329,-2.90244271201664
"background",218,218,18.6988218496628,-10.983018764849,5.18432031633972,17.3646060311502,-2.97521102815613
"background",219,219,17.6795012944324,-12.8091780136274,9.24427766253258,16.5811065302292,-3.55669758653556
"background",220,220,19.8260084356784,-12.8543565247524,4.84192280244568,16.9338567617833,-2.9774060423027
"background",221,221,16.9398387787639,-10.677138452089,8.54560247954753,16.9761086150961,-2.75445913733573
"background",222,222,20.3837276077751,-8.52559611346829,5.98104516311304,15.9124479810627,-3.8642627091003
"background",223,223,19.5718802071439,-11.4807746777236,8.52973633078886,17.037831064796,-3.38036298573513
"background",224,224,15.3633473824264,-8.95033487026854,9.02291300597271,14.8252377380505,-2.21298572103007
"background",225,225,16.8305199885582,-10.7922431691572,8.63446507842431,14.4883853322754,-2.51636484948209
"background",226,226,18.1328699581421,-10.2932195023044,7.45033540423496,18.8888878593038,-4.32363759315134
"background",227,227,16.2478177614412,-11.4442994172154,7.85848589566036,14.6560404310141,-2.37088034059226
"background",228,228,19.5204830020243,-12.2135060910803,8.33613567561621,16.6252981951295,-3.34137114152238
"background",229,229,17.5281518553032,-7.67440290885805,8.10621339212295,17.2929425892719,-3.33456762030169
"background",230,230,18.7334417896905,-10.0397114353894,7.97002550014661,16.5365894064463,-2.65632481917888
"background",231,231,17.5442142794757,-11.071680482347,8.41108759361749,14.8976051894394,-2.56382468402855
"background",232,232,13.846523370748,-6.67194092794375,9.04407837068764,17.2207927683187,-4.2248909406796
"background",233,233,14.5169689381545,-7.78426500705786,7.03983228685772,18.0202819017729,-5.9985262442884
"background",234,234,15.2284121701429,-8.86970142398411,7.7053209281004,16.5553701613943,-3.31257388075706
"background",235,235,18.4925201870875,-11.617956043706,8.09987209733469,15.2855897183237,-2.64841659304589
"background",236,236,17.968690547725,-12.6150784965749,5.87475510070825,15.8133095817411,-2.47217690927639
"background",237,237,19.0643699290865,-10.8124550048918,8.22899957130801,16.5568441015162,-3.24334083283283
"background",238,238,12.9046469492135,-7.65973664913498,8.45641338133979,15.3921270028807,-3.69453444477112
"background",239,239,18.2909640847472,-9.51630221924819,3.66720366384739,16.4244276882529,-3.33876838766882
"background",240,240,14.3782677193655,-6.86170748327995,8.87952761317877,17.0207047678626,-4.08436593843559
"background",241,241,17.6445258391174,-9.87120025337424,7.50134812197095,17.835436167583,-3.96064566201302
"background",242,242,17.7491631951266,-9.99704627894272,8.78146699328225,14.4915932173101,-1.62078978755063
"background",243,243,19.4786720069665,-11.3900416279374,8.46792599752219,15.7155580778736,-2.89606703293798
"background",244,244,15.4321245681368,-9.43391043622839,9.79589162285868,13.5166732738385,-1.96109933695304
"background",245,245,20.1133253746181,-13.4881432328786,7.35092544235254,17.5329162611127,-3.4273532998159
"background",246,246,15.1532908467233,-6.37532408967821,7.40622314248745,17.1666735970979,-5.14514638819063
"background",247,247,18.1983531521647,-10.9278352382215,8.77723840342875,16.7496256064524,-2.47373636031547
"background",248,248,19.9036598646363,-11.5447709610234,8.41368192303146,16.292476760847,-3.00152297797688
"background",249,249,21.2662762090927,-8.33702942783307,6.33596117570433,15.583475970612,-3.63198440171916
"background",250,250,18.1050884108173,-11.3193503333524,8.94935334240032,15.6450488760173,-3.25628642436774
"background",251,251,19.1195315135251,-13.2303393611725,5.94636055909667,17.2374544283451,-2.50981151535734
"background",252,252,17.5303180164563,-10.511228785122,7.52318274487083,18.0662247291529,-3.47932575747327
"background",253,253,19.3669465758328,-10.066629758974,4.31846138754637,15.3347046218314,-3.65010768597269
"background",254,254,13.691843017581,-6.396549932698,7.77730528358637,14.9701306091936,-3.17685801785027
"background",255,255,18.0539940502265,-12.2451239263515,8.74604535460792,16.083662403382,-3.12140210895
"background",256,256,12.6844395163316,-4.97636950804385,7.3341730889391,14.8558285148975,-4.64094161395166
"background",257,257,13.9037560631861,-6.50151363828081,6.40820570943984,16.0337433905537,-6.12187081866522
"background",258,258,19.5404517223411,-12.2642520044976,7.49430297201958,15.2214590695855,-3.27175311425201
"background",259,259,20.044988915719,-13.9316536664793,6.46102427973715,17.4727374390719,-2.90684328387799
"background",260,260,18.5256096973237,-10.6273127631458,7.34562276734582,19.2584152920597,-4.2378299075472
"background",261,261,17.9774723580924,-10.1409118792076,7.87629995336927,17.6013843288338,-3.30162723575357
"background",262,262,20.6720716285594,-8.33977950706191,4.99840939623494,15.7710917580688,-3.77322050040604
"background",263,263,17.9754752713431,-13.3263343554667,8.53367903306622,17.0144435998177,-3.73625876576361
"background",264,264,18.8564408413616,-11.3180125075168,5.46517768628972,17.7610801176926,-3.77869542819799
"background",265,265,18.0320520710415,-11.567588474856,4.89303903450438,17.6560981515877,-3.56304476557058
"background",266,266,13.8663751340986,-6.40520977640793,6.09092954083504,15.9581565928395,-5.90395406380459
"background",267,267,13.6925384851642,-6.25487497302248,7.64458877571479,15.2799835937102,-3.39956724132556
"background",268,268,20.0338151291325,-13.0759333082153,8.14227148442224,17.0392420389362,-3.32074460325532
"background",269,269,18.3063910574177,-12.0632027057336,5.21394580806917,15.8302169067956,-2.97870515811476
"background",270,270,15.9365790319875,-8.51839497368777,8.11160711786337,18.2701560222766,-4.42556169834606
"background",271,271,15.0779996627824,-9.21562617119241,9.69833672090759,14.5932105163746,-2.19361346995356
"background",272,272,18.5092980628659,-12.7353710904518,7.05669044767958,16.2582909342142,-2.77247139327649
"background",273,273,18.1869451492424,-9.61159842134464,5.26533129543864,16.7290604494179,-3.22113611504433
"background",274,274,16.2860830635392,-9.14994717316038,8.15145505375501,17.1571662619034,-3.32629645916486
"background",275,275,18.5110333600195,-10.8750323197584,9.08234483759083,15.201828882847,-1.70393843649773
"background",276,276,16.159298627848,-7.08781684926604,7.90534146200906,18.9240320214467,-6.2026223989296
"background",277,277,19.2835050087072,-10.9430442738987,7.89096108131401,14.3315956774575,-3.42752246800261
"background",278,278,16.6125804040905,-9.95418988175678,9.53023517091039,14.5630131725494,-2.03790574166694
"background",279,279,15.9453885092795,-11.5650305506471,6.60013943239845,14.6353675131792,-2.42904103502403
"background",280,280,17.3564131229586,-7.53404472094399,8.06600305043234,17.4219551654563,-3.47341621993484
"background",281,281,17.3500992282835,-12.2460857318879,8.59174651808465,16.6323003083256,-2.96081865102728
"background",282,282,12.8439499481058,-6.06190185754868,8.07056061863219,16.0086156622928,-3.85351593360683
"background",283,283,17.124572300021,-9.03946490946186,7.75522729382139,17.8239764905549,-3.87457620330522
"background",284,284,17.4330171189871,-10.7479937587396,8.91098762004775,16.5522106547336,-2.24536891506723
"background",285,285,18.4885159398882,-13.0163997350915,5.92892231997441,17.1850722893417,-2.64610370607206
"background",286,286,19.8121320357455,-8.45018364760854,5.85112452518783,15.7242087494165,-3.82389966159302
"background",287,287,17.1052666582921,-11.1373827840168,9.10257287413439,15.2684845579634,-2.36699259636296
"background",288,288,21.556034363777,-6.13467308988775,6.04153720951112,16.6799781047057,-3.17161593670738
"background",289,289,12.6447062393415,-6.28177084323228,7.66263589659104,15.1705239653232,-3.60197939755581
"background",290,290,21.0084326250531,-5.74456194389252,5.73952399359016,16.6517653901922,-3.03044315374863
"background",291,291,18.5748857284526,-10.3135742315794,7.68556391857183,17.2276528810776,-2.68925713067188
"background",292,292,15.9694049356801,-7.36287586347884,7.40188583578189,16.8707693878795,-3.75487055075055
"background",293,293,18.6440922981872,-12.3734688252572,8.72300671822232,16.1261846058501,-3.07577629674932
"background",294,294,12.3067105126586,-5.13475986080508,7.12820319284068,14.4189380571352,-3.43834803605633
"background",295,295,18.7289499472594,-11.3663431232669,8.99864647402464,15.7100058944485,-1.9822206139625
"background",296,296,17.0424060952829,-8.98446126941468,4.88840844051585,15.4432473693304,-2.49653579721395
"background",297,297,19.1386388368996,-10.6958883060827,8.83118110091727,17.0485729749237,-2.45827099278743
"background",298,298,11.7361029703082,-5.42696659556669,7.77219870106435,14.8837232354548,-3.70254146328645
"background",299,299,14.6361469614854,-5.70703266100206,5.16393646196085,15.4309851194978,-4.72148267013413
"background",300,300,18.2832563748753,-10.5565105535823,5.34136868440533,17.2015394840438,-3.18792228332333
"background",301,301,13.7781952655142,-6.8894321824551,7.76745857605389,16.149203160522,-3.63527920535936
"background",302,302,15.6062442499566,-9.52713470338473,8.19416560813747,16.0861305851583,-2.79198855790151
"background",303,303,16.0648151479286,-9.78840410791952,9.23217267121334,14.7738687510997,-2.0954377866216
"background",304,304,17.5200323764649,-11.1204818575327,8.98741805277732,16.6624994395192,-3.20939097073464
"background",305,305,19.8133433380079,-8.55097979412547,5.68839597923546,15.618614884867,-3.75773381375471
"background",306,306,20.0537747521005,-13.2510028727501,8.10756567542905,17.2331688433862,-3.4435476940672
"background",307,307,15.7564844551859,-9.63063581850852,9.78055063048423,15.3294780112849,-2.59929442023296
"background",308,308,16.9254149914006,-10.5641670150106,9.2851343834571,14.7326191466907,-2.26057717231731
"background",309,309,19.2516714654883,-10.5715556166829,8.29196394091419,17.7180033697214,-2.81880766651468
"background",310,310,18.859283879814,-10.782822462821,8.2006824757386,17.4479271013725,-2.70413925587631
"background",311,311,18.9047221239027,-12.6787886070674,8.29439015026874,16.6401761873499,-3.17727675001919
"background",312,312,13.7136820099921,-6.50412457603113,9.35419222043996,17.4161858671086,-4.35535337082857
"background",313,313,17.7701280372762,-12.769206658118,8.03109308329485,16.478717058275,-3.22275372923751
"background",314,314,19.341523917505,-12.5883855169418,8.36672609782722,16.5100090912747,-3.13438708303937
"background",315,315,18.0590641837898,-11.5601600140736,9.26624914580432,16.1576130757842,-2.4588515715132
"background",316,316,17.5654412032063,-9.87500598808893,7.52093662343935,17.7399485735604,-3.68745852464003
"background",317,317,14.5367792687648,-8.49033776163894,7.94939932322674,16.0112066442398,-3.25076702817076
"background",318,318,18.2527382190094,-9.99148688352296,3.62416517234636,16.6888847356646,-2.96478796557501
"background",319,319,15.3044460545225,-8.13154376938464,9.25570427978177,18.5567624254334,-4.72918473944086
"background",320,320,14.3427035475746,-8.39103536114675,10.0086552786672,13.6215961955387,-1.75909892395671
"background",321,321,18.3721147549738,-10.9694729603201,7.57968095815778,16.908049242297,-3.23259893928638
"background",322,322,17.1572045993993,-11.012078396479,6.73206436675158,14.2820924077566,-1.72557892859578
"background",323,323,18.5186838405466,-11.1002709812213,4.24414565697827,16.1844203309312,-3.96335781785289
"background",324,324,17.3621191882863,-11.9136451085421,6.27101074527555,15.3667223957476,-2.36449287391971
"background",325,325,13.0745968096263,-5.80596752802885,7.92545995561533,15.3201149573913,-3.96933460684549
"background",326,326,18.372405059802,-10.1970193746923,8.52403392404937,16.5207231282647,-2.818834133068
"background",327,327,19.536854884596,-11.9315439294055,3.90904895735762,17.8457705079764,-3.62904299053944
"background",328,328,12.8310292399115,-7.17016148678347,8.15536226495633,16.2191234145949,-4.01400333304324
"background",329,329,18.5524156927998,-11.0895530924877,4.40598163372874,17.1243996126267,-3.39947681671
"background",330,330,18.2285433718672,-10.5080095691233,7.67694694368726,17.3816992219403,-2.89181075566489
"background",331,331,13.2624219405218,-6.46004545913274,6.62619980954079,15.6925426552834,-5.98775045794253
"background",332,332,18.8574167747106,-10.6738141940381,8.34951097120484,16.16795511719,-3.04204336280643
"background",333,333,18.5917774359652,-13.7627340763187,8.49678815734004,17.7721893842881,-3.88684205157544
"background",334,334,16.6165457905419,-10.6203814014055,8.7835082099467,14.6971071739819,-2.54947134546503
"background",335,335,18.7024803584449,-8.56324836660737,4.21554730285607,15.7729256049055,-2.32882583588286
"background",336,336,19.1146100164833,-13.2563337013555,6.65266317283751,16.8924315252779,-2.90575894615753
"background",337,337,20.0797659534186,-8.13593121125168,4.65234199464639,17.3670914783722,-3.2634185824065
"background",338,338,17.7599961185116,-11.6580170297382,5.03261636065457,15.8739460969449,-2.59937093809523
"background",339,339,17.5257609967805,-10.303211493317,9.67744791448282,15.3509234479029,-1.55889928995322
"background",340,340,19.511771945131,-11.6910479251468,3.87959582985696,17.102696649129,-4.03749075549312
"background",341,341,15.8707393927158,-9.85425073512628,8.86457294222355,15.1940261232899,-2.22041084286396
"background",342,342,16.9525672482302,-11.1341581765758,6.74584784565489,14.1833355130174,-1.74653226658925
"background",343,343,17.1613015014607,-9.79657707030359,7.72736562870153,17.4581702000711,-3.36128123107796
"background",344,344,15.8225591694976,-8.51879756088067,8.37085127229506,17.3863898232561,-3.72797620960362
"background",345,345,19.9076031424261,-13.371746802725,6.69773305055192,17.0516176127967,-2.75474505605512
"background",346,346,20.593208619975,-13.1628524044511,6.25107129315429,16.7610292532469,-3.53946160304053
"background",347,347,19.8185863370016,-11.8087543241178,7.92601805641653,15.8579007437164,-3.61731725922718
"background",348,348,12.6241704670973,-5.23663527332559,7.7555569078763,15.0927660430017,-4.61445619821311
"background",349,349,20.8355984322857,-13.2739789637028,6.13303943545505,16.947580377849,-3.51956262864192
"background",350,350,16.2189571861559,-10.1386125124144,9.24366489085685,14.5357812053816,-2.46323704677883
"background",351,351,18.378984673028,-11.2788679567269,8.43659220485407,16.5613187569512,-2.48565994813728
"background",352,352,17.8130828014121,-11.3798439070437,9.18382059953112,15.7116103001662,-2.32891071410433
"background",353,353,20.5816582910129,-13.9656057800766,5.80990984276635,17.8011712098279,-2.90596449316553
"background",354,354,13.8429535120861,-5.86301216527588,7.60013837495745,15.788843442938,-4.88242552661726
"background",355,355,16.8209961706426,-9.62287737163111,4.55310281758318,14.7121849776961,-2.12388123153051
"background",356,356,19.6082517808305,-13.7532932908411,7.70331979361756,17.7888525204945,-3.66624096619708
"background",357,357,17.044451955318,-10.7106083906689,8.40861581567317,15.9283847947041,-2.86155800944719
"background",358,358,19.0020067667158,-10.8085973867868,8.32260874523419,16.4707055327759,-3.16645090681705
"background",359,359,18.067841604414,-10.1059213167786,7.53821275447576,17.8009310840744,-3.64954814664909
"background",360,360,19.7104493281021,-11.6481734834565,8.49913266789494,16.3897234079036,-3.0099101696432
"background",361,361,13.4102930408897,-6.10386541600795,6.51783875265832,15.6862858579807,-5.85154188660913
"background",362,362,17.3607633335044,-11.8120340412973,6.45131065798447,15.6793100880308,-2.19018077741282
"background",363,363,18.1430680260253,-11.4565134661847,8.39585202664011,15.8668974818837,-3.00938388967381
"background",364,364,19.3419811362863,-13.1082919801659,5.4521009204127,16.9443742810579,-2.91372483625611
"background",365,365,17.3948548027771,-10.8982518196451,8.60236876000915,16.7807838809954,-2.42002901140144
"background",366,366,15.6035375543703,-9.47877364085081,9.1933592445462,13.1815743992431,-2.36627130915129
"background",367,367,17.3293939719764,-11.2327343541099,9.12500860050473,15.7839454119545,-2.45742122688227
"background",368,368,18.3882761928372,-11.313921440614,7.75730019869957,15.205170651348,-3.57640313528714
"background",369,369,14.0963900694773,-8.16120176062632,7.97231718289477,15.430886737404,-3.1073928081191
"background",370,370,15.9365510550756,-9.88641224744778,9.15105798924906,13.5944642634491,-2.28416225767968
"background",371,371,20.9722065473675,-12.1759445744722,8.7371800042356,16.3888355042834,-3.17891963259236
"background",372,372,18.0309548187943,-11.4102916961567,9.49333865751676,16.2208893495562,-2.39140511030606
"background",373,373,16.2441861451333,-9.42359800440684,7.55519756121662,17.3712755075047,-3.54746715449154
"background",374,374,15.1220682729522,-6.94772937309314,7.14084715812565,18.2469475437857,-5.86173136774196
"background",375,375,20.8735529385917,-13.7631817096055,5.64694446523608,16.8561224962843,-3.39008833951385
"background",376,376,16.7982415762652,-9.08035701627696,7.99170570944058,17.8878608768204,-4.1398735249271
"background",377,377,21.7665605874592,-9.44880035872767,5.63675720608969,15.7414369101666,-3.60848475851626
"background",378,378,15.1105316030735,-7.1973527946288,8.1324536961241,18.1904913878662,-6.39034764504622
"background",379,379,17.9888373169255,-10.5732531437748,5.99230492002674,16.9560402468986,-3.149094812462
"background",380,380,17.0822614996554,-11.2950278243075,6.65228027796749,14.5347014725365,-1.82773167863211
"background",381,381,18.1946700156179,-10.5138588853696,7.68795539629663,14.5154587583137,-2.24546264461277
"background",382,382,18.2901848968108,-11.5009309608775,4.92009760333933,17.6761254506776,-3.63858904134778
"background",383,383,16.0247688424541,-8.54927804975194,8.01986569533859,17.4542577052775,-3.73586853704251
"background",384,384,16.917785387917,-11.2909742158674,8.05413747541648,15.0550812157556,-2.51989338620967
"background",385,385,18.0235160076313,-11.2860398670778,5.90965308276248,14.5472182744971,-2.61534060808452
"background",386,386,17.8391427571604,-11.0146556318617,4.56553152935483,16.995766548646,-2.88365828738198
"background",387,387,15.6902201460375,-9.59334370809566,9.4028925481015,13.5067595335896,-2.4267380975596
"background",388,388,18.1241253538339,-10.578341317059,8.09851580466227,16.5577145344927,-2.50117057413556
"background",389,389,18.0141249219148,-10.2492338596579,7.67035861571326,18.3525957521784,-3.72497264067088
"background",390,390,19.282570557814,-8.01289394808693,4.32066701569194,16.3056728091621,-2.5144689411766
"background",391,391,12.8642200427902,-5.04232633721892,7.39970152459677,14.959967942864,-4.71411497183683
"background",392,392,17.1246509028077,-10.8726195308527,8.47249636774857,17.047248685207,-2.77701462755038
"background",393,393,13.7059818080768,-5.72111382199305,7.23443468865652,16.9376205831123,-5.58178678896042
"background",394,394,15.4000971787191,-6.58286073464501,8.1460159554247,18.2371578760466,-5.08807403643178
"background",395,395,20.033239723536,-13.103984702007,5.50813586031596,16.0860751838073,-2.84908347312146
"background",396,396,19.4775720764418,-10.525642601794,6.2941643529146,17.1132008141821,-3.20073530654339
"background",397,397,16.8390050645008,-10.6830855264491,8.59896774988592,16.949619768005,-2.82976752957759
"background",398,398,18.376932240837,-11.9692202672535,4.76389704448618,15.8498844888339,-2.1890229541922
"background",399,399,16.7370988441844,-9.27280703030956,5.69609443499329,15.2471899616995,-2.67467852274167
"background",400,400,17.170555083954,-11.2495185017564,9.09448900466258,15.2758218754264,-2.37024804118983
