"species","x","y","layer.1","layer.2","layer.3","layer.4","layer.5"
"background",1,1,19.0926878486581,-13.0872267018684,6.70717655583456,16.6768302717974,-2.82123773195497
"background",2,2,16.7222801812165,-10.9170975032947,7.81224499965817,15.3999252105748,-2.7129652717319
"background",3,3,20.2873116640629,-14.1448929922525,6.37373747958795,17.9737942557602,-3.01740321490148
"background",4,4,18.6273876675183,-10.9753688263665,8.26833045719109,16.6080023324643,-2.39321591182298
"background",5,5,16.184212054161,-9.05891085754613,9.55311857359491,14.0307839738412,-1.1866212034678
"background",6,6,15.5550699567475,-9.59853995059431,9.79454273690003,14.371749102185,-2.11651346298112
"background",7,7,17.0631047497617,-10.6040875784422,8.71388423831889,15.3073792862138,-2.11724459245937
"background",8,8,18.7530101568199,-11.8508027563431,8.345747988213,16.3200798442039,-3.17701606439331
"background",9,9,18.003713135358,-11.2634708023848,9.22170125331337,16.6127834786044,-2.36699154774044
"background",10,10,17.8262750130888,-11.7867873490711,8.92577976047869,16.1154914630714,-2.62220115163216
"background",11,11,11.926146361872,-5.95565296156215,7.19892958651887,14.8926789017568,-4.67391218715141
"background",12,12,14.719623395388,-7.48716775463312,6.70095365580824,17.2055180447128,-4.48667294777303
"background",13,13,16.7727678927042,-11.7348293476895,5.92473170720564,15.1596836862642,-1.93864526758814
"background",14,14,17.6509766408155,-11.1055054628923,9.32154336450061,15.3622419993343,-2.15027126255923
"background",15,15,19.3508101330569,-13.1063209675996,7.52192070426854,17.3740537978124,-1.97827354916313
"background",16,16,17.894713986482,-11.8463765682299,5.1947849540647,17.1397186523259,-2.95120802018851
"background",17,17,18.3200751591953,-11.4683440648636,8.27274154550974,15.129822879593,-2.6188072604168
"background",18,18,11.9169963303196,-4.69901225817159,7.30453973675943,13.7835652425613,-3.1260093609178
"background",19,19,15.4505049372787,-9.98665146441706,9.88691117099913,15.2190293923842,-2.45047656848047
"background",20,20,18.4171828179038,-13.0197598781344,6.89968676960477,16.6233178479376,-2.98751444886616
"background",21,21,16.2644930428831,-11.2584246746458,8.01193376718695,14.6248018926795,-2.30632508005463
"background",22,22,20.5093935357904,-11.4752597038172,8.15512589698598,14.8070686586232,-3.6905569542696
"background",23,23,18.1563729017941,-11.413398314147,4.80749870937342,17.3975085867048,-3.04823833566413
"background",24,24,19.3264767853248,-13.5622879818384,6.04948048778275,17.6090471007641,-2.73278338739247
"background",25,25,17.1160946766471,-10.8620065188825,8.286782757013,17.2088488810674,-2.87907939386137
"background",26,26,17.9892248711747,-11.0298520030877,9.51052105375565,15.7979929154327,-3.275159265007
"background",27,27,15.1886330628856,-5.93612145105068,8.28033783546793,17.7189414422131,-4.72927135170668
"background",28,28,17.9719865491635,-10.8278661656907,9.30735389684788,16.3508385269698,-2.20795638078058
"background",29,29,16.3389250931227,-9.94903626404125,9.13117820153531,15.8076586353532,-2.51567228060101
"background",30,30,18.2479646730459,-10.4116550892454,8.88113582018682,14.7363597890972,-1.6165811442346
"background",31,31,17.818624456949,-10.566208382281,6.95656080565328,16.6474246436201,-3.40771376470898
"background",32,32,19.879333682402,-11.2384347183258,7.5671202797152,18.4882609385999,-3.11729711504851
"background",33,33,18.1501888368041,-10.313921584129,7.73699834250923,18.0913433723546,-3.59295449216478
"background",34,34,16.209677444127,-11.1290794060722,6.70044463270194,14.5008916114636,-2.17829654001027
"background",35,35,19.1740203368498,-13.0242187127517,5.11420034101373,16.9613731398494,-3.09356121513771
"background",36,36,15.5068661500312,-6.84189599244872,5.99613295943559,16.2929507976848,-3.85976440670854
"background",37,37,13.1995213307381,-6.90787220903625,6.68223995906235,15.9388880647587,-6.13244340369676
"background",38,38,16.3407645337786,-10.0192577596249,8.1839792906355,16.9973900340194,-3.19368200037558
"background",39,39,21.7253334375919,-14.0731511951533,6.32461486792205,17.8251282822455,-3.24316180048251
"background",40,40,12.3403200498531,-5.02465332914939,7.8731311866237,14.917880018416,-4.52777220519185
"background",41,41,16.3538272146352,-10.3926659935528,8.68591208049396,16.7247287150714,-2.84969012609348
"background",42,42,17.2207081629864,-10.7644302615324,8.39642015578497,14.4321519133227,-2.39949718801646
"background",43,43,19.1492704768043,-13.8033926773442,8.17264524391206,17.9409654916916,-3.82694402099079
"background",44,44,12.7840637962523,-4.72218814673973,7.25718001440684,14.7184127959432,-4.3613148939746
"background",45,45,17.6393600838682,-10.8514164865007,8.09885812064423,16.3175957788401,-2.95107824882832
"background",46,46,13.7883221731977,-5.27843205590667,7.23142046512299,15.4694159558122,-4.98575898001004
"background",47,47,18.2143486010673,-12.554901845985,7.86121486768227,16.3219453183257,-2.76809486362975
"background",48,48,19.7022250107932,-11.1335110313985,8.00598078248249,17.1672747563764,-3.44345241669801
"background",49,49,18.1685211286265,-10.486112445982,7.76535925706695,17.2442056077487,-2.80612059331844
"background",50,50,17.5650076230641,-9.96139615095316,9.18854421722268,15.0658876679722,-1.65247986090743
"background",51,51,18.6931305121659,-10.020079810684,7.90272888708819,16.5813180542458,-2.70144799686776
"background",52,52,16.0256439704458,-9.44046228827859,7.55662074788999,15.4224640177933,-3.07128827492177
"background",53,53,15.7580914310417,-10.2584155083129,8.50374017526172,14.9780761017562,-2.76186861785541
"background",54,54,16.7965963659847,-11.0563568735008,6.55786751451343,14.2150868332948,-1.81241337224835
"background",55,55,15.1330517347152,-10.4460459077269,6.83853064425999,14.2071132905316,-1.85143508159784
"background",56,56,20.9636517356051,-11.8984456435753,8.28858240563698,15.0169398863061,-3.37143962123539
"background",57,57,17.3055904678173,-11.5489842176861,4.95627438744384,16.1195722701547,-2.46893439225754
"background",58,58,14.0130194053948,-6.53707880065044,8.01067569929704,17.8057475174315,-6.02857704942685
"background",59,59,17.7360391390427,-12.3277670413441,5.54113914762917,15.3977188737179,-2.19509386463437
"background",60,60,17.6506728396791,-11.256380810084,9.0942536273426,16.3421358892214,-2.37168679392189
"background",61,61,16.264435759393,-10.1290290808093,9.39047488962611,14.3511658849376,-2.55975351832059
"background",62,62,17.7129901985987,-10.4355555376225,7.62233889308067,17.7549053743933,-3.12025373222095
"background",63,63,18.2859176072368,-10.0831843990026,7.61488380753656,17.3861448068208,-3.0032025538929
"background",64,64,18.4965669394199,-10.2287027156014,7.70471825740965,17.5582733224508,-2.95427650422616
"background",65,65,15.821800150261,-10.0035272203829,8.78889215096713,14.8204019177505,-2.60397208591467
"background",66,66,18.5306826660357,-10.7124465421042,8.99438573235958,15.6873708307653,-2.78652064792266
"background",67,67,19.402310829375,-13.2205337681986,5.3487772553579,16.6830069793532,-2.95838603874432
"background",68,68,13.8075534439605,-6.28483680376366,6.39601268422816,15.7884609325626,-5.89926659884414
"background",69,69,13.5917298126502,-7.84671125151465,7.99048830297472,15.3163048557581,-3.18833187942124
"background",70,70,13.2482154550332,-4.67551634176661,7.37408121257168,14.8492067404271,-4.31005041834476
"background",71,71,19.7372395504691,-12.4139306793777,7.68187569969752,15.5302703342977,-3.41439282790453
"background",72,72,15.1590831985081,-7.86202582896295,8.66787265097988,17.6176361834827,-4.36839635518513
"background",73,73,16.6538881112076,-9.97335304552338,7.52575323702174,17.7636416442115,-3.64017308735791
"background",74,74,14.8648733937052,-7.26717415442876,8.76563149128141,16.8726890893491,-3.79041625043538
"background",75,75,15.7437396936751,-9.69649878256597,9.14498835576241,13.6637086065347,-2.40881084725156
"background",76,76,15.1809832075494,-7.12792183265456,8.10127018960138,18.259443986792,-6.56744212856948
"background",77,77,16.7516125991275,-8.98698001708026,7.95050778193069,17.5845091760942,-3.95777743916986
"background",78,78,15.9610798092833,-8.77124350500291,7.82291420434266,17.3320590489907,-3.57487930027863
"background",79,79,18.9855965859059,-10.9364905513009,6.70505382887327,16.949254799655,-2.9386159858397
"background",80,80,16.8799841246581,-10.2457581604845,8.88834183956399,15.8848927356294,-2.30888728768511
"background",81,81,19.4923861555842,-9.62666622680857,5.75331039827737,17.1876500469187,-3.22183032296139
"background",82,82,20.1440791712712,-13.5952510589532,6.29760939911253,16.9726236894639,-3.25237010354381
"background",83,83,19.3903369381244,-11.7312175730157,8.51382010492347,16.2815999620867,-3.06813631972669
"background",84,84,18.2349653905392,-10.7049509967562,9.15352175841724,15.7687755429376,-2.81583162805067
"background",85,85,15.7686517109123,-8.89918001587402,7.74502162851151,18.0001804042349,-4.61283617572169
"background",86,86,17.9701444804423,-11.178463818252,9.34520408699752,15.4707946560405,-2.09750614246163
"background",87,87,18.886370869378,-10.8501124302752,8.47622219114307,17.4045466510492,-2.76582932316312
"background",88,88,15.7983554617002,-8.10986052858022,8.502098366986,18.3757010453356,-5.06715830285466
"background",89,89,18.5054327911773,-12.0406240937013,8.65652593878688,15.7823376862918,-2.89255419449719
"background",90,90,14.0628099801892,-8.19892284190519,8.45377182079016,13.8391292976957,-2.01474478241889
"background",91,91,15.823285814122,-10.0313167202694,8.65953125855836,15.511778772146,-2.4337343251515
"background",92,92,19.0490336811378,-11.3559442438779,6.51053385195041,16.8981854707143,-2.44048680399262
"background",93,93,20.0196850772173,-11.625188742745,8.10225643686492,15.1305023890779,-3.60237296099294
"background",94,94,16.6450214440102,-9.93321293471342,8.19671804488382,17.4690588606925,-3.33742483482309
"background",95,95,15.4685759129609,-9.32236992115176,9.96148734084205,13.8485683566733,-1.90736300654356
"background",96,96,18.9175743605528,-12.8409594951895,4.92307064029774,16.8010523982815,-2.56952715843372
"background",97,97,16.8626048102365,-11.8158715571474,5.64867987901037,15.4521054980498,-1.96774013901373
"background",98,98,19.9598581100357,-11.1541681850994,8.30467292984606,18.484454448113,-3.10652564901189
"background",99,99,13.1391339518043,-7.10316211663085,6.2505062128395,15.8979964544739,-6.23537366106067
"background",100,100,17.6598444137947,-10.1387005791447,9.2839553433592,15.2808754342843,-1.76801738259398
"background",101,101,19.9848441501111,-14.0557124417457,6.7809468672814,18.0863239796613,-2.83251432893108
"background",102,102,17.1963544993254,-10.9614908372209,9.24987492539774,16.096255140017,-2.31405513324142
"background",103,103,15.5304314300472,-8.71236134958921,7.80449773770101,17.0357653131414,-3.44090884413793
"background",104,104,15.6712306721251,-9.99516885927101,9.70443969464662,15.5392938002685,-2.56748171316148
"background",105,105,16.9850255070485,-10.8106208834533,8.48088757262683,15.0282900726026,-2.60051755247489
"background",106,106,17.0270348326337,-10.0898004318016,5.41546335442466,15.144846021993,-2.54451083511661
"background",107,107,18.2879488915856,-11.4940899089556,8.849905274992,15.7114316417335,-2.41174265030959
"background",108,108,14.8342447022733,-7.75665280320947,8.50681123314942,17.1919409338985,-4.04687793409256
"background",109,109,12.3117427808936,-5.28218944951467,7.98422783252664,14.6324796290977,-3.7743101198143
"background",110,110,17.4904912012001,-11.0376118539502,8.57601032882234,16.8486383558226,-2.40498553925524
"background",111,111,12.0666342393164,-4.93158601614813,7.17587043312668,14.0692709296687,-3.29832052981946
"background",112,112,14.5920306853761,-6.09928658104977,7.4937048779798,16.2203140124185,-4.60696464032323
"background",113,113,20.7644096582925,-12.0362628731617,8.22317511517257,15.126250386758,-3.45526567548797
"background",114,114,12.7437871845418,-5.74564382517749,7.42146414167557,14.8351977893278,-3.52595032779883
"background",115,115,18.8838818763747,-11.2525313658045,9.56617278292562,16.1069895240572,-3.21303957087697
"background",116,116,19.2351743417403,-11.2643097876414,8.00426848446998,14.8808868905995,-3.43083564021135
"background",117,117,17.202298536246,-10.9050463914704,7.75003792253374,17.4144723887506,-3.11855804508406
"background",118,118,17.3507916471869,-11.8803234782109,6.32094263214349,15.4303500626303,-1.92350026561854
"background",119,119,18.9099099791763,-11.6213504196925,7.82757723762788,15.5183052267818,-2.57186915794991
"background",120,120,15.8549166966494,-6.88956030251604,7.71770430456794,18.3536667912008,-5.92545122270164
"background",121,121,15.9619688183358,-9.97569268154572,8.45022373582087,16.8504956275789,-3.04920553299794
"background",122,122,15.0278049009453,-8.98324010971119,7.72235612075667,15.0557500908776,-2.58230022396741
"background",123,123,15.7698652540285,-7.92326700532036,8.38126560002477,17.0840807908923,-3.76543681121361
"background",124,124,17.6763040287511,-11.17392128892,8.77887998396012,15.6232325029103,-3.01870603937613
"background",125,125,18.4113350109597,-10.621235329321,8.76688458449743,14.9861096704987,-2.58738409863339
"background",126,126,16.6143472961911,-11.1414558775518,6.90701606857212,14.5329496884212,-1.7460209110085
"background",127,127,19.4961290125152,-10.7377292627978,6.45728389464667,17.2151086730713,-3.25727029999465
"background",128,128,21.0741647763365,-9.52315174959384,6.08188337024864,16.3955832124916,-3.92903488220958
"background",129,129,18.6566211227804,-11.3706333602856,6.7384114346222,17.1094851849126,-3.20583628838847
"background",130,130,17.0253053241861,-10.8600761019241,8.21050795807498,17.2197167616718,-2.95867407657429
"background",131,131,15.9689629965357,-9.44407113590711,8.83890296968991,15.0906633653192,-2.62252846013361
"background",132,132,18.246397747104,-10.6237595141952,9.00061155187795,15.6156281772606,-2.75829744509732
"background",133,133,14.1178648159114,-7.36502744791003,7.67005240721421,16.0887757410622,-3.5237919553942
"background",134,134,20.0184005915536,-13.904706537246,6.81432713575175,18.0459901583946,-2.90412567534362
"background",135,135,17.4763230778238,-11.7315880002712,9.09780784046331,15.833506099441,-2.67204340043411
"background",136,136,17.8391622202356,-11.7399981538847,9.00926184410757,16.1631961676142,-2.62546615451378
"background",137,137,12.2089177477647,-5.28953941638246,7.94685155483364,14.4972474720431,-3.68670014615993
"background",138,138,19.3885398753472,-11.4316232905043,9.32207265501192,15.8549028455058,-3.09304046901633
"background",139,139,19.1722986120567,-10.6117270940972,8.29179140579911,17.8931025709059,-2.98057182923548
"background",140,140,17.84097876296,-11.3517000915044,8.76372263079545,15.6986666916731,-2.90288965616403
"background",141,141,16.864102078361,-10.9140826315142,8.68643228824715,15.4731218825015,-2.79922543713521
"background",142,142,18.1273228003254,-11.7560182914348,9.00853975098056,16.1188853464977,-3.21151015903917
"background",143,143,19.2743900217306,-11.0268105217983,7.23447452016806,14.5820348107821,-2.96154491397451
"background",144,144,13.3130586622633,-4.29177791793827,7.40714961526403,15.1020632634534,-3.78782657702359
"background",145,145,13.5089754767485,-6.60695107425232,6.78107866651682,16.3327727417367,-5.8971535696942
"background",146,146,18.6361734142197,-10.5238689158751,7.89785362640708,17.2867121511685,-2.69949854375411
"background",147,147,18.3526089379303,-11.0338058643243,8.83477431343412,16.6826733928642,-2.36965050939997
"background",148,148,12.1080980529194,-6.24760960339288,5.83742480884274,15.1346093063863,-5.75508115977305
"background",149,149,14.8554259515222,-7.25438100445962,8.96199201885419,17.8304373928257,-4.50753932959311
"background",150,150,18.2027420335874,-10.3082583604964,7.96601966131455,17.7163240378667,-3.4735882058132
"background",151,151,19.0505350849706,-10.4752051393499,8.39989015978396,17.5432534856105,-2.75997141875424
"background",152,152,14.2135269143686,-9.2098680309379,10.3981062128668,14.4233426530156,-2.24328524897911
"background",153,153,16.2818386360091,-10.1122213217589,5.40608277497461,15.2473870407876,-2.30650453469689
"background",154,154,19.2829217285726,-12.4396482214844,4.38314011170645,18.0049792249811,-3.65752333411353
"background",155,155,15.0654373202039,-9.07488256695865,9.43139785670025,14.2584988074993,-1.88793719083323
"background",156,156,20.0099175816641,-13.4841479341709,6.51416749995832,17.6900861567824,-2.0748689126833
"background",157,157,17.371772053204,-11.0687313230271,8.53885009218358,16.6955712088836,-3.39432898299497
"background",158,158,18.2822809216996,-10.8325592529623,8.94854912826003,16.8943285413457,-2.63964017417855
"background",159,159,16.1144264352286,-10.0930766447399,8.8725824617438,14.6345036991145,-2.61592987105973
"background",160,160,13.119825767629,-7.12174899793612,6.60386204408776,16.0471184922426,-6.25671373197461
"background",161,161,18.2906752079159,-9.27075031982967,3.41469564357044,16.0712966166458,-2.71973475920929
"background",162,162,16.0513265982154,-10.5965882370462,8.48422281270017,15.2410504947662,-2.85708604317784
"background",163,163,18.291874519474,-11.6251592106672,4.91320147237062,17.7270085500181,-3.25592955633946
"background",164,164,16.8908432909437,-7.33964297864151,7.59556782831502,16.8778075959029,-3.51114354199208
"background",165,165,16.3693912519234,-9.90077529389582,8.07926239787133,15.4149582087724,-2.84900975589745
"background",166,166,19.6068966035831,-11.2954627650393,7.83017187850023,14.8118007733037,-3.53606759182554
"background",167,167,17.1596252206912,-10.6904770962873,5.07345523999842,15.9976610168766,-2.50011659361085
"background",168,168,17.6294948110713,-11.1120207922302,8.62412086211634,15.4554615880201,-2.71632554002684
"background",169,169,14.1584113143248,-6.64279173933085,5.93222904545146,16.1702157008152,-6.10866494790194
"background",170,170,17.0944331850971,-9.28569374642022,7.96614042987205,17.8154855325998,-3.95671667971569
"background",171,171,18.5881217203866,-13.1973455388234,8.20484038967472,17.2307078235255,-3.45639578607383
"background",172,172,17.8871004799285,-12.7651122935129,5.60094168142665,16.681678592745,-2.28105453025726
"background",173,173,18.3132742274563,-10.4568153310391,3.9159863557902,15.9437948263803,-3.49080155680654
"background",174,174,14.8426758049863,-8.69392833903367,9.86733141124582,14.0624265070684,-1.87618772324502
"background",175,175,14.3841762799283,-6.14572095518652,7.4502729138783,17.384962949805,-6.30305520191336
"background",176,176,18.9812262506322,-10.4482336298346,9.01709997862372,16.4043222597319,-2.02636740822441
"background",177,177,18.2415717339525,-12.3694780304056,6.91992390932197,15.9312273269211,-2.18338507662822
"background",178,178,19.5037772446415,-9.51677810189188,5.29755494385063,17.2600386263557,-3.17179656653591
"background",179,179,15.0506854158493,-7.4073380400526,8.75002515094281,16.880837568114,-3.74362824317534
"background",180,180,19.8245373444446,-13.7860966192813,6.7585352833913,17.5554571620939,-2.89307232454138
"background",181,181,17.654035531626,-11.5927021074311,8.92565891256636,15.8571913223636,-2.46913418287274
"background",182,182,18.3299291576519,-11.1648660252077,4.21891029752705,16.6954849912364,-3.42749467529396
"background",183,183,18.1529508855438,-11.1025248494858,8.14599173461955,15.5412071013361,-3.07701015337426
"background",184,184,18.1304407637391,-10.1648926594763,7.46991635804159,17.9602083678398,-3.66012675122257
"background",185,185,13.0442631029518,-6.44864342373501,7.55266388820062,15.3308812688732,-3.58745638588944
"background",186,186,16.454125970418,-8.51713765210269,8.05248666992806,18.0264115022111,-4.50842486666083
"background",187,187,17.5895136600884,-10.0367625179677,7.83925579062919,17.713410812005,-3.34618218358525
"background",188,188,16.8111563444133,-11.8039601265628,7.34959842360797,15.61394947804,-2.79524680274888
"background",189,189,17.8745775711135,-9.79498127717398,6.35159063473511,16.5416505719975,-3.266593041732
"background",190,190,20.9660536211274,-13.9641403110906,6.6837672518137,18.0430895483587,-3.15177630048261
"background",191,191,18.151752017798,-10.9511831640397,8.49850194186842,14.5317417767402,-2.58717131003668
"background",192,192,17.5294464265238,-11.3000547375485,6.69630589508921,14.4433653436267,-1.63909006218389
"background",193,193,15.6924821635813,-8.47084797552217,8.18240979642566,18.096396775689,-4.39347941217271
"background",194,194,16.9609329309848,-10.9815490193692,9.03532057632011,16.3767281139553,-3.3002494550603
"background",195,195,18.483450442025,-12.0724307882972,8.61810053100607,16.3051073838277,-3.33905393545765
"background",196,196,13.7466940746325,-6.63435021188124,6.49375055385974,16.0296144071341,-6.21135799925673
"background",197,197,16.6314248184632,-10.4621941125634,8.70367289776828,16.7592417220017,-2.75381298040954
"background",198,198,18.3854448243974,-12.1290421985399,8.87103028438341,16.4405849896647,-2.46942104465964
"background",199,199,17.6188912884056,-10.8365686214034,9.39437145721375,15.7307078557233,-2.16156307039899
"background",200,200,15.4350558340876,-7.8132242857808,8.70296712299641,18.0258827647921,-4.92601482879106
"background",201,201,16.8815663354417,-12.3457282368649,6.62129177691914,15.3741858206796,-2.62862390085878
"background",202,202,18.289306571574,-11.048755198604,5.9145161049095,16.8078091320591,-3.14709293688059
"background",203,203,18.6221092689849,-12.5769035581163,8.37863130687445,16.4033058852931,-3.17694088037579
"background",204,204,19.5482529817529,-12.6120876765678,8.00389513764252,15.9853766221187,-3.59858984832502
"background",205,205,17.3175321541834,-11.4025771543869,9.01343722764403,15.1577465894056,-2.5649130488119
"background",206,206,17.1265029600149,-10.8250981638525,9.71545957194466,15.2455291813947,-2.35095898584965
"background",207,207,18.1665379234705,-9.87551864439526,4.65133298688996,15.5009222444595,-3.58276859704634
"background",208,208,19.8621440248442,-11.7190998435271,7.77165856890429,15.4736517619328,-3.65205476312845
"background",209,209,17.2273041212268,-9.62822051787618,7.2173805937873,15.6430752357671,-2.89157776660044
"background",210,210,18.0701298522844,-10.2400830854474,5.56188957773028,16.6558029435238,-3.16406807444349
"background",211,211,18.8295912184619,-13.2663391973558,6.61781193174938,16.9381418082979,-3.06946516626906
"background",212,212,19.3050225725893,-10.1097377716988,5.27942459865717,17.2164203749329,-2.90244271201664
"background",213,213,18.6988218496628,-10.983018764849,5.18432031633972,17.3646060311502,-2.97521102815613
"background",214,214,17.6795012944324,-12.8091780136274,9.24427766253258,16.5811065302292,-3.55669758653556
"background",215,215,19.8260084356784,-12.8543565247524,4.84192280244568,16.9338567617833,-2.9774060423027
"background",216,216,16.9398387787639,-10.677138452089,8.54560247954753,16.9761086150961,-2.75445913733573
"background",217,217,17.2540018141284,-12.2552639923437,6.28220824807961,15.837281510725,-2.30092069838535
"background",218,218,20.3837276077751,-8.52559611346829,5.98104516311304,15.9124479810627,-3.8642627091003
"background",219,219,19.5718802071439,-11.4807746777236,8.52973633078886,17.037831064796,-3.38036298573513
"background",220,220,14.893916224524,-7.81269574997379,6.89625364350635,17.4774845488358,-4.68613000803443
"background",221,221,19.2753240876748,-13.834030497089,5.95904823833593,17.4797495521572,-2.90848356785331
"background",222,222,15.3633473824264,-8.95033487026854,9.02291300597271,14.8252377380505,-2.21298572103007
"background",223,223,19.085839200693,-12.4402392705331,8.20040004212408,16.2505457979179,-3.00937129943127
"background",224,224,16.8305199885582,-10.7922431691572,8.63446507842431,14.4883853322754,-2.51636484948209
"background",225,225,18.1328699581421,-10.2932195023044,7.45033540423496,18.8888878593038,-4.32363759315134
"background",226,226,16.2478177614412,-11.4442994172154,7.85848589566036,14.6560404310141,-2.37088034059226
"background",227,227,17.5281518553032,-7.67440290885805,8.10621339212295,17.2929425892719,-3.33456762030169
"background",228,228,18.7334417896905,-10.0397114353894,7.97002550014661,16.5365894064463,-2.65632481917888
"background",229,229,17.5442142794757,-11.071680482347,8.41108759361749,14.8976051894394,-2.56382468402855
"background",230,230,13.846523370748,-6.67194092794375,9.04407837068764,17.2207927683187,-4.2248909406796
"background",231,231,14.5169689381545,-7.78426500705786,7.03983228685772,18.0202819017729,-5.9985262442884
"background",232,232,20.1138499463113,-11.8000800694391,8.29122331885639,15.2721526587112,-3.5591928725705
"background",233,233,15.2284121701429,-8.86970142398411,7.7053209281004,16.5553701613943,-3.31257388075706
"background",234,234,17.968690547725,-12.6150784965749,5.87475510070825,15.8133095817411,-2.47217690927639
"background",235,235,19.0643699290865,-10.8124550048918,8.22899957130801,16.5568441015162,-3.24334083283283
"background",236,236,12.9046469492135,-7.65973664913498,8.45641338133979,15.3921270028807,-3.69453444477112
"background",237,237,18.2909640847472,-9.51630221924819,3.66720366384739,16.4244276882529,-3.33876838766882
"background",238,238,14.3782677193655,-6.86170748327995,8.87952761317877,17.0207047678626,-4.08436593843559
"background",239,239,13.0740577061654,-6.56913079119813,6.70075190298897,15.6828066485705,-6.0431806021947
"background",240,240,17.6445258391174,-9.87120025337424,7.50134812197095,17.835436167583,-3.96064566201302
"background",241,241,19.4786720069665,-11.3900416279374,8.46792599752219,15.7155580778736,-2.89606703293798
"background",242,242,18.2857778299193,-10.3552418547409,7.65717617783879,17.6009187939149,-3.01579363722069
"background",243,243,17.312453231091,-9.61193437576227,4.20413997023789,15.2276473258335,-2.41269200817781
"background",244,244,18.1983531521647,-10.9278352382215,8.77723840342875,16.7496256064524,-2.47373636031547
"background",245,245,19.9036598646363,-11.5447709610234,8.41368192303146,16.292476760847,-3.00152297797688
"background",246,246,21.2662762090927,-8.33702942783307,6.33596117570433,15.583475970612,-3.63198440171916
"background",247,247,17.2604519710245,-11.3139323694741,9.1763713400759,15.4484368520903,-2.4276755857453
"background",248,248,18.1050884108173,-11.3193503333524,8.94935334240032,15.6450488760173,-3.25628642436774
"background",249,249,17.9315095318038,-10.0335249991293,7.87045922144447,17.3069445206654,-3.07554589565064
"background",250,250,17.5303180164563,-10.511228785122,7.52318274487083,18.0662247291529,-3.47932575747327
"background",251,251,16.3559484461917,-11.0500986108596,6.60854917137764,14.3420099277117,-2.02690011436497
"background",252,252,19.3669465758328,-10.066629758974,4.31846138754637,15.3347046218314,-3.65010768597269
"background",253,253,12.6844395163316,-4.97636950804385,7.3341730889391,14.8558285148975,-4.64094161395166
"background",254,254,13.9037560631861,-6.50151363828081,6.40820570943984,16.0337433905537,-6.12187081866522
"background",255,255,17.7255498193351,-10.7000527544074,4.6508152740312,16.5231657042844,-3.40677025510043
"background",256,256,20.044988915719,-13.9316536664793,6.46102427973715,17.4727374390719,-2.90684328387799
"background",257,257,17.9774723580924,-10.1409118792076,7.87629995336927,17.6013843288338,-3.30162723575357
"background",258,258,17.9754752713431,-13.3263343554667,8.53367903306622,17.0144435998177,-3.73625876576361
"background",259,259,18.8564408413616,-11.3180125075168,5.46517768628972,17.7610801176926,-3.77869542819799
"background",260,260,18.0320520710415,-11.567588474856,4.89303903450438,17.6560981515877,-3.56304476557058
"background",261,261,19.0429563897996,-13.4323994633234,6.6871929748975,17.2208634977206,-3.14009194165315
"background",262,262,19.0534562927118,-10.4330103590747,8.26071090525094,17.5656373347269,-2.79787058557615
"background",263,263,13.8663751340986,-6.40520977640793,6.09092954083504,15.9581565928395,-5.90395406380459
"background",264,264,20.0338151291325,-13.0759333082153,8.14227148442224,17.0392420389362,-3.32074460325532
"background",265,265,14.0647580282864,-6.83226626806755,6.0481044351391,16.1182320053418,-6.04910831035922
"background",266,266,18.3063910574177,-12.0632027057336,5.21394580806917,15.8302169067956,-2.97870515811476
"background",267,267,15.9365790319875,-8.51839497368777,8.11160711786337,18.2701560222766,-4.42556169834606
"background",268,268,15.0779996627824,-9.21562617119241,9.69833672090759,14.5932105163746,-2.19361346995356
"background",269,269,18.6560777843471,-12.8504880265314,5.69782293426276,16.3308136796428,-2.81802217732446
"background",270,270,18.5092980628659,-12.7353710904518,7.05669044767958,16.2582909342142,-2.77247139327649
"background",271,271,18.1869451492424,-9.61159842134464,5.26533129543864,16.7290604494179,-3.22113611504433
"background",272,272,16.2860830635392,-9.14994717316038,8.15145505375501,17.1571662619034,-3.32629645916486
"background",273,273,21.0459938252998,-13.4399667128103,6.27614914782678,17.2806652214496,-3.76281249979552
"background",274,274,16.2199907604606,-9.2337951467997,4.57884492674722,14.3106851509619,-1.94583738404949
"background",275,275,18.5110333600195,-10.8750323197584,9.08234483759083,15.201828882847,-1.70393843649773
"background",276,276,16.159298627848,-7.08781684926604,7.90534146200906,18.9240320214467,-6.2026223989296
"background",277,277,19.2835050087072,-10.9430442738987,7.89096108131401,14.3315956774575,-3.42752246800261
"background",278,278,16.6125804040905,-9.95418988175678,9.53023517091039,14.5630131725494,-2.03790574166694
"background",279,279,15.9453885092795,-11.5650305506471,6.60013943239845,14.6353675131792,-2.42904103502403
"background",280,280,17.3564131229586,-7.53404472094399,8.06600305043234,17.4219551654563,-3.47341621993484
"background",281,281,17.124572300021,-9.03946490946186,7.75522729382139,17.8239764905549,-3.87457620330522
"background",282,282,14.7637118539088,-9.58305413412698,9.06799925627799,14.5214564532192,-2.63001912527911
"background",283,283,17.4330171189871,-10.7479937587396,8.91098762004775,16.5522106547336,-2.24536891506723
"background",284,284,18.4885159398882,-13.0163997350915,5.92892231997441,17.1850722893417,-2.64610370607206
"background",285,285,19.8121320357455,-8.45018364760854,5.85112452518783,15.7242087494165,-3.82389966159302
"background",286,286,17.1052666582921,-11.1373827840168,9.10257287413439,15.2684845579634,-2.36699259636296
"background",287,287,15.1825935059703,-7.40988005234027,8.1303108051363,18.536813934577,-6.34133331251586
"background",288,288,15.5993657500777,-9.61299561960168,7.94881950913151,15.5374270414362,-2.6822148017011
"background",289,289,21.556034363777,-6.13467308988775,6.04153720951112,16.6799781047057,-3.17161593670738
"background",290,290,12.6447062393415,-6.28177084323228,7.66263589659104,15.1705239653232,-3.60197939755581
"background",291,291,21.0084326250531,-5.74456194389252,5.73952399359016,16.6517653901922,-3.03044315374863
"background",292,292,18.5748857284526,-10.3135742315794,7.68556391857183,17.2276528810776,-2.68925713067188
"background",293,293,15.9694049356801,-7.36287586347884,7.40188583578189,16.8707693878795,-3.75487055075055
"background",294,294,12.3067105126586,-5.13475986080508,7.12820319284068,14.4189380571352,-3.43834803605633
"background",295,295,18.7289499472594,-11.3663431232669,8.99864647402464,15.7100058944485,-1.9822206139625
"background",296,296,21.1692641478618,-8.55110599325721,6.17968878313901,15.8137543514059,-3.72231695634075
"background",297,297,17.0424060952829,-8.98446126941468,4.88840844051585,15.4432473693304,-2.49653579721395
"background",298,298,19.1386388368996,-10.6958883060827,8.83118110091727,17.0485729749237,-2.45827099278743
"background",299,299,15.4773257265396,-9.96098845500701,5.30493806069041,14.0209014389145,-2.1498669705659
"background",300,300,11.7361029703082,-5.42696659556669,7.77219870106435,14.8837232354548,-3.70254146328645
"background",301,301,16.6601736037813,-11.3020805816102,7.71973265411871,15.452215939333,-2.68259176198634
"background",302,302,18.2832563748753,-10.5565105535823,5.34136868440533,17.2015394840438,-3.18792228332333
"background",303,303,13.7781952655142,-6.8894321824551,7.76745857605389,16.149203160522,-3.63527920535936
"background",304,304,15.6062442499566,-9.52713470338473,8.19416560813747,16.0861305851583,-2.79198855790151
"background",305,305,16.0648151479286,-9.78840410791952,9.23217267121334,14.7738687510997,-2.0954377866216
"background",306,306,17.5200323764649,-11.1204818575327,8.98741805277732,16.6624994395192,-3.20939097073464
"background",307,307,19.8133433380079,-8.55097979412547,5.68839597923546,15.618614884867,-3.75773381375471
"background",308,308,20.0537747521005,-13.2510028727501,8.10756567542905,17.2331688433862,-3.4435476940672
"background",309,309,15.7564844551859,-9.63063581850852,9.78055063048423,15.3294780112849,-2.59929442023296
"background",310,310,19.2516714654883,-10.5715556166829,8.29196394091419,17.7180033697214,-2.81880766651468
"background",311,311,18.4153323173559,-11.2831537852528,8.66893542673184,16.6095375259031,-2.71671224439693
"background",312,312,18.859283879814,-10.782822462821,8.2006824757386,17.4479271013725,-2.70413925587631
"background",313,313,18.9047221239027,-12.6787886070674,8.29439015026874,16.6401761873499,-3.17727675001919
"background",314,314,17.7701280372762,-12.769206658118,8.03109308329485,16.478717058275,-3.22275372923751
"background",315,315,16.5250900743562,-9.55094839429007,7.45911555506486,18.0046111329149,-3.93564801049118
"background",316,316,19.341523917505,-12.5883855169418,8.36672609782722,16.5100090912747,-3.13438708303937
"background",317,317,18.0590641837898,-11.5601600140736,9.26624914580432,16.1576130757842,-2.4588515715132
"background",318,318,17.5654412032063,-9.87500598808893,7.52093662343935,17.7399485735604,-3.68745852464003
"background",319,319,18.2527382190094,-9.99148688352296,3.62416517234636,16.6888847356646,-2.96478796557501
"background",320,320,16.8119859938598,-10.2812914966474,9.7380575402319,14.7606003443434,-2.61163023813391
"background",321,321,15.3044460545225,-8.13154376938464,9.25570427978177,18.5567624254334,-4.72918473944086
"background",322,322,18.1096803422809,-11.5575656207255,4.85544059519535,17.4974789063289,-3.38242615028343
"background",323,323,17.1572045993993,-11.012078396479,6.73206436675158,14.2820924077566,-1.72557892859578
"background",324,324,18.5186838405466,-11.1002709812213,4.24414565697827,16.1844203309312,-3.96335781785289
"background",325,325,18.3500811799303,-12.115867961219,8.68532726340226,15.7559972380844,-2.95958540594113
"background",326,326,18.372405059802,-10.1970193746923,8.52403392404937,16.5207231282647,-2.818834133068
"background",327,327,19.536854884596,-11.9315439294055,3.90904895735762,17.8457705079764,-3.62904299053944
"background",328,328,18.5524156927998,-11.0895530924877,4.40598163372874,17.1243996126267,-3.39947681671
"background",329,329,18.8574167747106,-10.6738141940381,8.34951097120484,16.16795511719,-3.04204336280643
"background",330,330,16.6165457905419,-10.6203814014055,8.7835082099467,14.6971071739819,-2.54947134546503
"background",331,331,18.7024803584449,-8.56324836660737,4.21554730285607,15.7729256049055,-2.32882583588286
"background",332,332,19.1146100164833,-13.2563337013555,6.65266317283751,16.8924315252779,-2.90575894615753
"background",333,333,17.7599961185116,-11.6580170297382,5.03261636065457,15.8739460969449,-2.59937093809523
"background",334,334,17.5257609967805,-10.303211493317,9.67744791448282,15.3509234479029,-1.55889928995322
"background",335,335,19.5671755913376,-13.6708237246846,6.79374756054624,17.3106579230609,-2.87831780343139
"background",336,336,17.9496844998894,-10.658432158885,6.09213777376387,16.2308874119859,-2.34246463351359
"background",337,337,19.511771945131,-11.6910479251468,3.87959582985696,17.102696649129,-4.03749075549312
"background",338,338,15.8707393927158,-9.85425073512628,8.86457294222355,15.1940261232899,-2.22041084286396
"background",339,339,20.5964556130074,-12.1945029759891,7.37159964942201,15.6540175260684,-3.26980016539176
"background",340,340,16.9525672482302,-11.1341581765758,6.74584784565489,14.1833355130174,-1.74653226658925
"background",341,341,17.1613015014607,-9.79657707030359,7.72736562870153,17.4581702000711,-3.36128123107796
"background",342,342,15.8225591694976,-8.51879756088067,8.37085127229506,17.3863898232561,-3.72797620960362
"background",343,343,19.9076031424261,-13.371746802725,6.69773305055192,17.0516176127967,-2.75474505605512
"background",344,344,13.4551242893486,-6.83665790040163,7.64664968662832,15.7538158963191,-3.8905862933498
"background",345,345,18.7567961965206,-10.9992936712797,6.67257442347277,16.9233789353921,-3.00999255404572
"background",346,346,20.593208619975,-13.1628524044511,6.25107129315429,16.7610292532469,-3.53946160304053
"background",347,347,19.8185863370016,-11.8087543241178,7.92601805641653,15.8579007437164,-3.61731725922718
"background",348,348,16.2189571861559,-10.1386125124144,9.24366489085685,14.5357812053816,-2.46323704677883
"background",349,349,17.8130828014121,-11.3798439070437,9.18382059953112,15.7116103001662,-2.32891071410433
"background",350,350,20.5816582910129,-13.9656057800766,5.80990984276635,17.8011712098279,-2.90596449316553
"background",351,351,16.8209961706426,-9.62287737163111,4.55310281758318,14.7121849776961,-2.12388123153051
"background",352,352,19.6082517808305,-13.7532932908411,7.70331979361756,17.7888525204945,-3.66624096619708
"background",353,353,17.044451955318,-10.7106083906689,8.40861581567317,15.9283847947041,-2.86155800944719
"background",354,354,19.0020067667158,-10.8085973867868,8.32260874523419,16.4707055327759,-3.16645090681705
"background",355,355,18.3851151049845,-11.2565807434835,7.59801435777294,16.6297366378352,-3.07363718557032
"background",356,356,18.067841604414,-10.1059213167786,7.53821275447576,17.8009310840744,-3.64954814664909
"background",357,357,19.7104493281021,-11.6481734834565,8.49913266789494,16.3897234079036,-3.0099101696432
"background",358,358,13.4102930408897,-6.10386541600795,6.51783875265832,15.6862858579807,-5.85154188660913
"background",359,359,17.1940449797155,-11.5902365397981,8.07637373480626,15.3403108821626,-2.55259864150159
"background",360,360,18.1430680260253,-11.4565134661847,8.39585202664011,15.8668974818837,-3.00938388967381
"background",361,361,19.3419811362863,-13.1082919801659,5.4521009204127,16.9443742810579,-2.91372483625611
"background",362,362,17.3948548027771,-10.8982518196451,8.60236876000915,16.7807838809954,-2.42002901140144
"background",363,363,15.6035375543703,-9.47877364085081,9.1933592445462,13.1815743992431,-2.36627130915129
"background",364,364,17.3293939719764,-11.2327343541099,9.12500860050473,15.7839454119545,-2.45742122688227
"background",365,365,18.3882761928372,-11.313921440614,7.75730019869957,15.205170651348,-3.57640313528714
"background",366,366,14.0963900694773,-8.16120176062632,7.97231718289477,15.430886737404,-3.1073928081191
"background",367,367,15.9365510550756,-9.88641224744778,9.15105798924906,13.5944642634491,-2.28416225767968
"background",368,368,18.5230481043732,-10.5093397276551,8.69759242121894,15.2678782833306,-2.64214309174333
"background",369,369,20.9722065473675,-12.1759445744722,8.7371800042356,16.3888355042834,-3.17891963259236
"background",370,370,14.397418298371,-8.70514217156421,9.44409936023037,14.3062414897586,-2.17164754158441
"background",371,371,18.0309548187943,-11.4102916961567,9.49333865751676,16.2208893495562,-2.39140511030606
"background",372,372,16.2441861451333,-9.42359800440684,7.55519756121662,17.3712755075047,-3.54746715449154
"background",373,373,13.7344246210794,-5.93648135068251,8.00896751643484,15.1709007914392,-3.32504496585594
"background",374,374,15.1220682729522,-6.94772937309314,7.14084715812565,18.2469475437857,-5.86173136774196
"background",375,375,12.5434540393776,-6.35989542572022,5.73321772822691,15.2699552283028,-5.84172851174647
"background",376,376,20.8735529385917,-13.7631817096055,5.64694446523608,16.8561224962843,-3.39008833951385
"background",377,377,16.7982415762652,-9.08035701627696,7.99170570944058,17.8878608768204,-4.1398735249271
"background",378,378,21.7665605874592,-9.44880035872767,5.63675720608969,15.7414369101666,-3.60848475851626
"background",379,379,17.7601564577632,-12.4074195352426,8.6685558153778,16.1536093383066,-3.20713034003383
"background",380,380,18.2103332523272,-11.4825259473398,9.02157816422376,17.0491799737137,-2.57189957140917
"background",381,381,17.0822614996554,-11.2950278243075,6.65228027796749,14.5347014725365,-1.82773167863211
"background",382,382,16.0247688424541,-8.54927804975194,8.01986569533859,17.4542577052775,-3.73586853704251
"background",383,383,16.917785387917,-11.2909742158674,8.05413747541648,15.0550812157556,-2.51989338620967
"background",384,384,16.697667876339,-9.81866411146577,9.06793379680236,14.3930458352107,-1.64556841740644
"background",385,385,18.4395337632922,-11.6657478611849,8.33707290660678,15.2481881857738,-2.68559460814708
"background",386,386,19.90056883409,-11.7661167005861,8.33127976509361,16.4825168346868,-3.13930818876539
"background",387,387,18.0235160076313,-11.2860398670778,5.90965308276248,14.5472182744971,-2.61534060808452
"background",388,388,17.8391427571604,-11.0146556318617,4.56553152935483,16.995766548646,-2.88365828738198
"background",389,389,15.6902201460375,-9.59334370809566,9.4028925481015,13.5067595335896,-2.4267380975596
"background",390,390,18.0141249219148,-10.2492338596579,7.67035861571326,18.3525957521784,-3.72497264067088
"background",391,391,19.282570557814,-8.01289394808693,4.32066701569194,16.3056728091621,-2.5144689411766
"background",392,392,12.8642200427902,-5.04232633721892,7.39970152459677,14.959967942864,-4.71411497183683
"background",393,393,16.4936535825501,-9.89416736878146,8.76938048395831,15.5823803707733,-2.35950882611677
"background",394,394,17.1246509028077,-10.8726195308527,8.47249636774857,17.047248685207,-2.77701462755038
"background",395,395,19.2360593014024,-11.7011175623714,7.78318183071977,15.8099785588279,-2.5473910400574
"background",396,396,18.9195115002002,-10.3206391282095,5.81419863280522,16.9061957327222,-3.08356746888981
"background",397,397,15.4000971787191,-6.58286073464501,8.1460159554247,18.2371578760466,-5.08807403643178
"background",398,398,20.033239723536,-13.103984702007,5.50813586031596,16.0860751838073,-2.84908347312146
"background",399,399,16.8390050645008,-10.6830855264491,8.59896774988592,16.949619768005,-2.82976752957759
"background",400,400,16.7370988441844,-9.27280703030956,5.69609443499329,15.2471899616995,-2.67467852274167
