"species","x","y","layer.1","layer.2","layer.3","layer.4","layer.5"
"species",1,1,16.9074745912887,-9.09018274647328,6.98811252687775,15.229565124037,-2.78708549388619
"species",2,2,16.3138222356618,-9.00036990006923,7.30010473536622,14.9168842628321,-2.72799536192581
"species",3,3,15.2168344019175,-9.04268908972001,8.19379795010843,14.4035305679921,-2.57436944770807
"species",4,4,12.9993429446397,-7.81259349903195,9.07630377347039,12.5715826365339,-2.01366886479941
"species",5,5,14.4284547621031,-9.30989858545591,9.24521913761991,14.2060591933109,-2.49118231757918
"species",6,6,18.5659938160311,-11.2970444786067,6.50616761651664,17.1312812363916,-3.33377976614139
"species",7,7,18.2015268663994,-10.8050352851801,7.37461818279734,16.4350544287273,-2.88689815490418
"species",8,8,18.5518807333613,-11.39774292724,7.67862851458913,16.8935821243751,-3.1121249277681
"species",9,9,17.6097349695537,-11.1254601235587,8.34947359172225,16.2174253267572,-2.97626013414547
"species",10,10,16.7526279518694,-11.1472983387267,8.28349581107965,15.9883011891873,-3.11901126555431
"species",11,11,15.9746512912632,-10.4989720318332,8.41501397158702,15.278985853166,-2.96039805578582
"species",12,12,17.1427821469444,-11.0860385312773,7.68555964392299,15.8189032559818,-2.83848896220366
"species",13,13,16.0890820130462,-10.2552257276187,8.92571063031776,14.8625201081545,-2.66258498304972
"species",14,14,16.7779783734426,-10.8066702740532,6.2763325656168,14.4741731670522,-2.23780925062119
"species",15,15,17.3695603392033,-10.3742580068706,6.32603415885293,15.8060072125678,-2.24167213974304
"species",16,16,16.8044269726818,-6.51453076322889,8.4870759313901,16.2348597740451,-3.06653890503112
"species",17,17,17.3471758264244,-8.71502664646074,8.079016955897,17.5547128629968,-3.5723383430497
"species",18,18,17.5965209944353,-7.15405355484744,9.04223666927297,17.2200752473093,-3.37341557688968
"species",19,19,17.2856607496584,-6.82672673814788,8.1769935590798,16.6112216217116,-3.17732509783825
"species",20,20,17.0494761408381,-7.06904008311315,7.87712577811458,16.7007434123527,-3.32832268132512
"species",21,21,16.5908085427344,-7.33471960472377,7.59655161798725,16.8439175030884,-3.59276390085182
"species",22,22,16.495833714148,-7.36080310099499,7.52508307303855,16.8805518324766,-3.60251926565245
"species",23,23,15.3625171620845,-7.03482917373801,7.49031607719397,16.788278237108,-3.90953371549276
"species",24,24,15.2136392578227,-6.68280370275843,7.14278343830986,15.9808155896911,-3.56486939856863
"species",25,25,14.9372377104069,-7.75493755760866,7.3413064292026,17.012955919829,-4.04419732078166
"species",26,26,14.8344552044272,-7.87717695974108,7.0855150885036,17.153967388895,-4.16228364817711
"species",27,27,14.233196041581,-7.00707371916722,7.05203963062709,16.4365642747929,-3.98732610972604
"species",28,28,14.3451698978149,-5.74397241143915,5.46674402225506,15.4996171518291,-4.29492226334625
"species",29,29,17.1128624512622,-8.56995975634277,8.47164292177803,17.2315267352892,-3.43336556669449
"species",30,30,16.257362120614,-8.75286673107676,7.6535736988948,17.5123849237082,-3.94422739475627
"species",31,31,17.7816213784615,-6.81413757526542,9.35756973180734,17.0763753349675,-3.24237700295222
"species",32,32,15.6751215603158,-7.2030898929306,7.29045941758297,16.8604776184971,-3.89170318584903
"species",33,33,15.5376640550645,-7.05566152506704,7.45631337279631,16.5511820936672,-3.69616711804347
"species",34,34,14.3072725095092,-7.17831938278182,7.43389914181811,16.6785630113508,-4.10969990449391
"species",35,35,14.502015089053,-6.49859154011008,7.44396934930153,16.0296934098661,-3.70945727039095
"species",36,36,15.182071938865,-6.9148359320561,7.52052173868373,16.4109367694181,-3.70027277536667
"species",37,37,15.0855383262977,-7.13587234194165,7.27176698036004,16.8702979352266,-4.07755906332845
"species",38,38,15.583143174615,-7.0480950788569,7.28026498599106,16.6292881980253,-3.75361509645954
"species",39,39,14.5115950345325,-7.19943738930758,7.35186334098382,16.7832641062284,-4.15126812637166
"species",40,40,13.9217546512509,-6.0464220283874,7.45382298263018,15.3086408348296,-3.52002155214489
"species",41,41,15.3697910268879,-6.76462656864202,6.95745268132648,15.8492685265746,-3.55420265208492
"species",42,42,14.0305911825744,-6.00017673251258,7.40494516054058,15.0952772647113,-3.42766609780262
"species",43,43,14.5119862945775,-6.18842763112025,6.87021409778877,15.1603196328298,-3.45328782415325
"species",44,44,13.4300115532565,-5.53680511778381,7.28287562596096,14.5094052097678,-3.24248295934015
"species",45,45,15.0672948917532,-6.79687977972258,6.49928495250723,16.1735542392945,-3.79268599544312
"species",46,46,14.659551295566,-7.78118863947152,7.59444684010858,16.9944080473563,-4.0569771902441
"species",47,47,13.699240019736,-6.55999549296686,7.38954567935566,15.8515810493755,-3.74265389707648
"species",48,48,12.7910750467794,-5.14106044668364,7.1268598655798,14.732228516229,-3.44411516559224
"species",49,49,16.8140510269928,-9.99961740180304,7.9766928929839,16.1061653764161,-3.1163896785559
"species",50,50,15.5431703181857,-9.30655478901886,9.149981924371,14.5601376226065,-2.06159249337819
"species",51,51,14.288180514094,-8.13259310409793,8.57510576294061,13.4800960811952,-2.25538765305795
"species",52,52,17.12451706493,-8.44914301545575,8.62281009289644,15.9762544852269,-2.58586303453716
"species",53,53,17.9764614542014,-8.86434833704257,6.06996848211806,16.9417554538506,-3.08364655716521
"species",54,54,14.4380471541928,-8.07831014454579,8.1467769285602,13.9702343791257,-2.0748044257689
"species",55,55,14.5619010181276,-8.18032497201274,8.09579773469358,14.1012927000943,-2.16063443173512
"species",56,56,13.5148879703274,-5.46254679954187,9.28251239872205,13.162108607693,-1.9163942451018
"species",57,57,14.4033570602392,-7.6043563826815,8.31723081111655,14.04285356718,-2.15997609278435
"species",58,58,14.706965205376,-8.06907001228113,7.76267172812152,14.1676716713579,-2.15305819572765
"species",59,59,14.166261025265,-6.58333358916465,8.75145619100592,13.7621129412717,-2.06053104264221
"species",60,60,14.8989764781153,-8.18656462735356,7.65298004606727,16.7074859774177,-3.75424083214077
"species",61,61,14.7615774178425,-6.64087073043101,7.39029821232601,16.2101203968478,-3.7872795300454
"species",62,62,13.8273720134897,-6.38964489413732,7.44608226471153,15.7454501652545,-3.75479198309443
"species",63,63,13.5862558876252,-6.24463551079136,7.47455594879821,15.5178554490058,-3.68961967515823
"species",64,64,12.8118697448152,-5.37903491053258,7.44056383465453,14.4293463750472,-3.27100706966993
"species",65,65,14.3807552507223,-6.306549851736,6.96187678914409,15.4298181404414,-3.56748809058645
"species",66,66,15.9995003936591,-9.34869996389147,9.20158413992433,15.1341677080675,-2.5576117041812
"species",67,67,17.1757606619494,-8.67759139743996,8.04104020185164,16.1677193378291,-2.79009685978176
"species",68,68,12.8673254965887,-7.10098600585233,10.8431124094939,12.4452978850434,-1.43030363419426
"species",69,69,13.6512045809212,-7.54556383618654,9.09005088607398,13.4237470552485,-1.84530987777089
"species",70,70,14.5364864553041,-8.06129002089321,8.17854922094435,13.9652841464888,-2.07437688488654
"species",71,71,14.9959025355019,-8.65132644483265,9.29288779061977,13.5628127835357,-1.7519049446872
"species",72,72,16.4782642254844,-9.93307120079889,8.76518166004053,15.7699890835084,-2.73146062879528
"species",73,73,16.2342834574256,-9.41137464371599,9.15492237663515,14.801455474426,-2.30112058170842
"species",74,74,13.0640974298095,-7.82449637116095,10.6829470233712,12.5338179487934,-1.41423817568166
"species",75,75,12.9095442810481,-7.72835280766551,10.9033506141098,12.4885158994097,-1.36929956461844
"species",76,76,17.0904294081066,-10.8696961046092,8.46109039458135,17.1923146855836,-2.90097965366979
"species",77,77,15.9830741977318,-8.82491621853661,7.84491995902091,18.1378941279513,-4.31374662911552
"species",78,78,14.3788074918486,-8.42881005131264,8.63510586971637,14.1579292143612,-2.11436429452724
"species",79,79,16.0686171321964,-8.7854434358003,8.15886431880023,16.7175154736441,-3.40277582365406
